#ID	Avg_fold	Length	Ref_GC	Covered_percent	Covered_bases	Plus_reads	Minus_reads	Read_GC	Median_fold	Std_Dev
scaffold_1	75.2374	481561	0.5714	100.0000	481561	179075	179010	0.5877	72	25.40
scaffold_2	72.5935	445924	0.5665	100.0000	445924	159628	159531	0.5832	69	25.22
scaffold_3	73.1355	378787	0.5653	100.0000	378787	135934	135876	0.5831	69	25.41
scaffold_4	73.5543	367189	0.5661	100.0000	367189	133178	133105	0.5792	70	29.30
scaffold_5	71.8130	334119	0.5668	100.0000	334119	118289	118318	0.5844	69	24.56
scaffold_6	71.3917	321000	0.5645	100.0000	321000	113176	113248	0.5810	67	25.06
scaffold_7	77.8620	308447	0.5637	100.0000	308447	117923	117918	0.5798	74	26.06
scaffold_8	72.0028	306894	0.5624	100.0000	306894	107811	107741	0.5788	68	24.71
scaffold_9	72.8539	265452	0.5641	100.0000	265452	95386	95334	0.5824	69	25.48
scaffold_10	74.5716	265098	0.5637	100.0000	265098	97690	97573	0.5785	71	23.89
scaffold_11	77.3027	261049	0.5712	100.0000	261049	99523	99556	0.5878	75	25.59
scaffold_12	72.7370	251156	0.5656	100.0000	251156	90042	90111	0.5795	69	25.94
scaffold_13	75.6604	226282	0.5662	100.0000	226282	84607	84480	0.5824	73	25.50
scaffold_14	74.9221	226222	0.5649	100.0000	226222	83576	83559	0.5816	70	25.21
scaffold_15	75.2498	221812	0.5741	100.0000	221812	82459	82342	0.5908	71	25.32
scaffold_16	75.3302	219498	0.5734	99.9868	219469	81251	81241	0.5902	72	25.67
scaffold_17	71.6276	209078	0.5643	100.0000	209078	73999	73820	0.5802	68	23.78
scaffold_18	73.2405	196243	0.5683	100.0000	196243	70746	70832	0.5874	69	27.62
scaffold_19	73.0084	196163	0.5655	100.0000	196163	70777	70830	0.5804	70	24.57
scaffold_20	77.2376	195510	0.5740	100.0000	195510	74458	73909	0.5898	71	110.54
scaffold_21	75.6179	195501	0.5590	100.0000	195501	73078	73015	0.5806	72	34.85
scaffold_22	72.4947	192551	0.5635	100.0000	192551	68764	68789	0.5792	68	24.00
scaffold_23	72.4349	192392	0.5738	100.0000	192392	68901	68920	0.5895	68	24.78
scaffold_24	72.3594	191359	0.5633	100.0000	191359	68189	68165	0.5811	69	25.05
scaffold_25	77.3620	189558	0.5729	100.0000	189558	72111	72102	0.5887	74	24.99
scaffold_26	76.0678	189131	0.5699	100.0000	189131	70898	71104	0.5855	72	25.42
scaffold_27	73.6488	187908	0.5669	100.0000	187908	68344	68407	0.5825	71	25.02
scaffold_28	71.3578	184455	0.5620	100.0000	184455	65087	65066	0.5773	68	23.48
scaffold_29	73.3120	183883	0.5639	100.0000	183883	66650	66540	0.5782	70	24.41
scaffold_30	71.2321	181417	0.5698	100.0000	181417	63628	63633	0.5870	67	24.96
scaffold_31	71.2083	181337	0.5676	100.0000	181337	63856	63864	0.5842	68	24.41
scaffold_32	70.3681	180626	0.5650	100.0000	180626	62646	62707	0.5812	67	24.34
scaffold_33	70.9370	180142	0.5623	100.0000	180142	62889	62790	0.5804	67	24.95
scaffold_34	72.9318	180055	0.5699	100.0000	180055	64588	64637	0.5875	69	25.11
scaffold_35	70.1273	176764	0.5640	100.0000	176764	61120	61199	0.5832	67	25.09
scaffold_36	72.8226	175795	0.5709	100.0000	175795	63268	63167	0.5852	69	23.52
scaffold_37	71.5769	175071	0.5606	100.0000	175071	61899	61857	0.5760	68	24.72
scaffold_38	74.7484	172546	0.5647	100.0000	172546	63794	63764	0.5803	71	24.94
scaffold_39	75.9490	171766	0.5698	100.0000	171766	64469	64521	0.5857	71	27.67
scaffold_40	73.8462	170563	0.5669	100.0000	170563	62355	62272	0.5832	71	24.51
scaffold_41	77.1270	166389	0.5667	100.0000	166389	63221	63073	0.5787	69	52.69
scaffold_42	75.8853	164717	0.5680	100.0000	164717	61345	61308	0.5844	72	25.50
scaffold_43	68.5323	161524	0.5635	99.9944	161515	54509	54505	0.5803	65	23.98
scaffold_44	82.2905	161374	0.5773	100.0000	161374	64976	64962	0.5937	79	27.84
scaffold_45	75.8647	159574	0.5683	100.0000	159574	59739	59751	0.5833	72	25.42
scaffold_46	77.3583	158982	0.5785	100.0000	158982	60591	60617	0.5940	75	25.48
scaffold_47	72.1499	158410	0.5714	100.0000	158410	56300	56245	0.5890	68	26.12
scaffold_48	74.0542	158154	0.5694	100.0000	158154	57588	57631	0.5843	70	24.59
scaffold_49	73.3773	157905	0.5669	100.0000	157905	56999	56981	0.5825	69	23.58
scaffold_50	73.2730	152838	0.5590	100.0000	152838	55295	55298	0.5757	70	25.64
scaffold_51	72.1994	152244	0.5611	100.0000	152244	54335	54366	0.5773	68	24.70
scaffold_52	72.4252	148794	0.5708	100.0000	148794	53200	53167	0.5882	68	25.61
scaffold_53	73.4385	146036	0.5661	100.0000	146036	53020	53015	0.5823	69	28.29
scaffold_54	70.8344	145476	0.5591	100.0000	145476	50963	50962	0.5730	67	22.80
scaffold_55	73.2159	144509	0.5767	100.0000	144509	52179	52176	0.5922	70	23.83
scaffold_56	74.1987	138417	0.5680	100.0000	138417	50683	50705	0.5863	70	25.76
scaffold_57	74.1744	132880	0.5703	100.0000	132880	48646	48610	0.5860	70	25.49
scaffold_58	74.0155	131178	0.5678	100.0000	131178	48013	48066	0.5828	69	26.61
scaffold_59	69.9641	130881	0.5633	100.0000	130881	44960	45022	0.5814	65	23.99
scaffold_60	75.6540	130383	0.5648	100.0000	130383	48772	48697	0.5804	70	33.56
scaffold_61	73.7081	129486	0.5689	100.0000	129486	47122	47158	0.5833	71	23.57
scaffold_62	77.4103	125988	0.5651	100.0000	125988	48069	47981	0.5820	73	25.69
scaffold_63	74.3020	125006	0.5687	100.0000	125006	45890	45882	0.5824	71	23.86
scaffold_64	74.5437	122861	0.5742	100.0000	122861	45253	45215	0.5916	72	25.75
scaffold_65	85.1693	122509	0.5693	100.0000	122509	51157	51709	0.5884	73	213.38
scaffold_66	75.4214	121891	0.5741	100.0000	121891	45438	45503	0.5900	73	24.61
scaffold_67	74.7604	121632	0.5598	99.9926	121623	44864	44732	0.5796	71	27.49
scaffold_68	71.0267	121504	0.5653	100.0000	121504	42577	42514	0.5814	67	24.23
scaffold_69	74.0059	119958	0.5721	100.0000	119958	43925	43896	0.5897	69	26.81
scaffold_70	74.1656	118612	0.5712	100.0000	118612	43500	43557	0.5873	71	24.51
scaffold_71	68.7799	118159	0.5607	100.0000	118159	40172	40178	0.5755	65	23.07
scaffold_72	71.8835	117553	0.5630	100.0000	117553	41694	41687	0.5801	69	23.74
scaffold_73	74.3727	115536	0.5597	100.0000	115536	41809	41881	0.5799	71	26.48
scaffold_74	76.2299	115283	0.5743	100.0000	115283	43440	43401	0.5915	71	27.12
scaffold_75	75.9780	112227	0.5738	100.0000	112227	42194	42166	0.5907	72	25.51
scaffold_76	71.9340	109911	0.5629	99.9991	109910	39088	38999	0.5800	69	24.71
scaffold_77	72.2575	108301	0.5718	100.0000	108301	38505	38511	0.5887	68	25.78
scaffold_78	76.4072	108105	0.5688	100.0000	108105	40805	40810	0.5855	73	25.34
scaffold_79	70.1056	103998	0.5621	100.0000	103998	36056	36040	0.5811	66	25.42
scaffold_80	74.0400	102927	0.5673	100.0000	102927	37689	37620	0.5852	70	25.97
scaffold_81	74.5880	101930	0.5720	100.0000	101930	37514	37564	0.5896	71	26.59
scaffold_82	70.3398	100764	0.5755	100.0000	100764	34746	34769	0.5895	68	23.18
scaffold_83	74.5408	100551	0.5687	100.0000	100551	37058	37069	0.5877	71	26.33
scaffold_84	75.0700	99828	0.5700	100.0000	99828	37068	37058	0.5879	70	25.76
scaffold_85	68.2466	99302	0.5605	100.0000	99302	33501	33485	0.5767	64	24.24
scaffold_86	70.9598	98937	0.5597	100.0000	98937	34741	34635	0.5781	67	25.47
scaffold_87	58.5871	98022	0.5113	100.0000	98022	28256	28496	0.5366	50	39.04
scaffold_88	75.0691	96333	0.5605	100.0000	96333	35358	35330	0.5768	72	25.23
scaffold_89	72.4879	95230	0.5538	100.0000	95230	34173	34096	0.5772	69	26.15
scaffold_90	72.2472	94717	0.5777	100.0000	94717	33853	33871	0.5945	69	24.51
scaffold_91	76.2162	92808	0.5711	100.0000	92808	34923	35016	0.5894	70	26.70
scaffold_92	72.6555	92158	0.5627	100.0000	92158	33116	33118	0.5795	70	24.45
scaffold_93	54.4911	91920	0.4921	100.0000	91920	24474	24469	0.5379	48	33.95
scaffold_94	64.9100	90879	0.5454	100.0000	90879	29021	28958	0.5639	59	24.78
scaffold_95	69.3769	90790	0.5644	100.0000	90790	31174	31157	0.5832	65	24.39
scaffold_96	71.1933	90484	0.5673	100.0000	90484	31801	31796	0.5825	67	23.70
scaffold_97	79.2448	90411	0.5724	100.0000	90411	35366	35345	0.5904	75	27.56
scaffold_98	71.0264	89621	0.5665	100.0000	89621	31487	31466	0.5852	67	25.89
scaffold_99	74.7505	89318	0.5719	100.0000	89318	32934	32762	0.5915	70	30.76
scaffold_100	76.9911	88349	0.5555	100.0000	88349	33673	33646	0.5719	70	43.89
scaffold_101	73.1073	87575	0.5673	100.0000	87575	31708	31652	0.5865	71	25.73
scaffold_102	72.2596	87129	0.5536	100.0000	87129	31114	31143	0.5772	71	26.16
scaffold_103	69.7610	86499	0.5555	100.0000	86499	29688	29678	0.5769	66	25.74
scaffold_104	70.3090	86179	0.5637	100.0000	86179	29981	29979	0.5810	67	23.84
scaffold_105	71.2874	83723	0.5665	100.0000	83723	29458	29487	0.5831	68	23.47
scaffold_106	65.9190	83613	0.5689	100.0000	83613	27219	27164	0.5834	62	21.91
scaffold_107	86.6345	83125	0.5797	100.0000	83125	35645	35634	0.5952	84	26.35
scaffold_108	64.8209	82651	0.5598	100.0000	82651	26470	26417	0.5790	62	24.21
scaffold_109	76.6171	81971	0.5761	100.0000	81971	30985	30955	0.5899	74	24.35
scaffold_110	74.0035	81511	0.5804	100.0000	81511	29718	29714	0.5950	70	26.62
scaffold_111	73.9923	81384	0.5696	100.0000	81384	29829	29754	0.5850	70	25.37
scaffold_112	74.6635	80231	0.5641	100.0000	80231	28746	28776	0.5807	71	26.76
scaffold_113	73.7194	79678	0.5671	100.0000	79678	29060	29076	0.5840	70	24.80
scaffold_114	76.2297	79675	0.5742	100.0000	79675	30027	29990	0.5914	72	25.92
scaffold_115	80.1138	79619	0.5737	99.9673	79593	31441	31438	0.5884	76	36.76
scaffold_116	75.2459	78471	0.5740	99.9987	78470	29231	29201	0.5891	71	25.55
scaffold_117	69.7359	78291	0.5615	100.0000	78291	26904	26861	0.5762	66	23.78
scaffold_118	69.2272	78290	0.5691	100.0000	78290	26772	26795	0.5916	66	27.37
scaffold_119	70.3239	76410	0.5535	100.0000	76410	26468	26485	0.5688	65	27.18
scaffold_120	75.7670	75316	0.5771	100.0000	75316	28240	28236	0.5931	73	24.51
scaffold_121	78.7690	74651	0.5760	100.0000	74651	29071	29035	0.5922	75	30.41
scaffold_122	75.2053	74489	0.5799	100.0000	74489	27695	27717	0.5958	74	26.13
scaffold_123	67.8155	73388	0.5590	100.0000	73388	24639	24598	0.5720	64	22.91
scaffold_124	73.5357	73255	0.5719	99.9645	73229	26577	26563	0.5864	70	24.44
scaffold_125	71.9819	73158	0.5593	100.0000	73158	24081	24091	0.5730	68	25.61
scaffold_126	71.6729	72399	0.5546	100.0000	72399	25376	25333	0.5681	67	27.92
scaffold_127	72.1080	72192	0.5683	100.0000	72192	25772	25751	0.5856	67	26.04
scaffold_128	77.1260	71886	0.5700	99.9930	71881	27399	27462	0.5926	74	27.84
scaffold_129	79.8612	71474	0.5538	100.0000	71474	28170	28285	0.5609	68	54.36
scaffold_130	78.8314	71121	0.5494	100.0000	71121	27223	28241	0.5621	66	141.01
scaffold_131	74.6633	70194	0.5669	100.0000	70194	25914	25963	0.5835	70	24.56
scaffold_132	70.0568	68962	0.5668	100.0000	68962	23830	23844	0.5844	67	25.39
scaffold_133	76.6734	68820	0.5568	100.0000	68820	26133	26097	0.5731	73	26.83
scaffold_134	74.3927	68579	0.5596	100.0000	68579	25188	25207	0.5770	68	27.70
scaffold_135	72.7035	68572	0.5627	100.0000	68572	24647	24693	0.5766	69	23.18
scaffold_136	67.8091	66252	0.5571	100.0000	66252	22184	22155	0.5723	63	23.13
scaffold_137	72.6099	64835	0.5479	100.0000	64835	23150	23119	0.5650	66	33.04
scaffold_138	74.0522	63962	0.5643	100.0000	63962	23460	23415	0.5776	71	23.19
scaffold_139	71.4331	63533	0.5646	100.0000	63533	22437	22431	0.5919	68	27.84
scaffold_140	67.7857	62925	0.5448	100.0000	62925	21101	21006	0.5677	65	31.68
scaffold_141	69.7660	62731	0.5623	100.0000	62731	21602	21592	0.5750	67	22.22
scaffold_142	81.8488	62248	0.5752	100.0000	62248	24764	25698	0.5957	77	49.11
scaffold_143	71.3296	61079	0.5717	100.0000	61079	21507	21524	0.5868	68	23.90
scaffold_144	72.4788	60146	0.5739	100.0000	60146	21578	21569	0.5906	68	24.72
scaffold_145	74.9427	59815	0.5434	100.0000	59815	22060	22016	0.5614	70	26.26
scaffold_146	68.7985	59103	0.5577	100.0000	59103	20125	20115	0.5823	64	26.51
scaffold_147	65.9285	58783	0.5450	100.0000	58783	19156	19207	0.5668	61	25.50
scaffold_148	63.3191	58709	0.5469	100.0000	58709	18128	18173	0.5707	60	24.02
scaffold_149	52.2049	58545	0.5232	100.0000	58545	14974	14985	0.5396	47	20.69
scaffold_150	65.8069	57969	0.5559	100.0000	57969	18847	18902	0.5748	62	24.50
scaffold_151	72.0817	56412	0.5704	100.0000	56412	20113	20104	0.5874	66	26.24
scaffold_152	71.1224	56302	0.5637	100.0000	56302	19738	19725	0.5777	68	23.29
scaffold_153	76.6998	55816	0.5837	100.0000	55816	21181	21185	0.5994	75	24.69
scaffold_154	76.3807	55081	0.5643	100.0000	55081	20906	20737	0.5774	70	50.35
scaffold_155	73.4527	54439	0.5646	100.0000	54439	19766	19765	0.5822	70	28.29
scaffold_156	76.2260	54279	0.5658	99.9982	54278	20462	20481	0.5855	72	31.63
scaffold_157	74.0647	54166	0.5685	100.0000	54166	19745	19830	0.5844	69	24.46
scaffold_158	72.2617	54044	0.5626	100.0000	54044	19284	19271	0.5797	69	24.84
scaffold_159	74.2849	53720	0.5636	100.0000	53720	19739	19757	0.5780	73	23.00
scaffold_160	76.7953	53282	0.5578	100.0000	53282	20227	20271	0.5739	73	26.47
scaffold_161	70.3953	52810	0.5684	100.0000	52810	18419	18372	0.5868	65	26.34
scaffold_162	76.1607	52784	0.5620	100.0000	52784	19856	19805	0.5760	74	24.54
scaffold_163	72.3128	52517	0.5687	100.0000	52517	18839	18740	0.5858	68	24.68
scaffold_164	76.7070	52127	0.5776	100.0000	52127	19725	19768	0.5929	74	24.61
scaffold_165	73.2545	51667	0.5767	100.0000	51667	18715	18685	0.5912	70	24.45
scaffold_166	67.0150	51051	0.5620	100.0000	51051	16849	16853	0.5775	63	23.34
scaffold_167	69.4088	50945	0.5597	100.0000	50945	17493	17475	0.5694	64	27.35
scaffold_168	89.5857	50529	0.5478	100.0000	50529	21975	21926	0.5670	81	54.57
scaffold_169	80.2055	48980	0.5708	100.0000	48980	19478	19366	0.5832	70	49.43
scaffold_170	77.6065	48353	0.5719	100.0000	48353	18579	18538	0.5913	75	27.99
scaffold_171	69.3093	48265	0.5439	100.0000	48265	16508	16530	0.5746	66	27.63
scaffold_172	71.6586	47425	0.5682	100.0000	47425	16787	16808	0.5848	68	24.96
scaffold_173	73.0189	47074	0.5680	100.0000	47074	16872	16868	0.5948	73	27.67
scaffold_174	75.1541	47058	0.5634	100.0000	47058	17403	17386	0.5822	71	29.01
scaffold_175	63.2733	47012	0.5299	100.0000	47012	14684	14718	0.5532	59	25.75
scaffold_176	75.9775	46158	0.5759	99.9935	46155	17339	17259	0.5929	72	26.11
scaffold_177	78.4639	46079	0.5923	100.0000	46079	17720	17756	0.6078	76	28.27
scaffold_178	72.6062	45895	0.5548	99.9935	45892	16431	16317	0.5757	67	32.58
scaffold_179	75.0014	45484	0.5660	100.0000	45484	16797	16833	0.5825	73	25.65
scaffold_180	67.4503	45306	0.5675	100.0000	45306	15131	15107	0.5795	64	22.41
scaffold_181	68.5351	45290	0.5429	100.0000	45290	14991	15096	0.5709	63	35.88
scaffold_182	70.3188	45242	0.5584	100.0000	45242	15733	15733	0.5793	69	27.32
scaffold_183	186.3978	44309	0.5479	100.0000	44309	40717	40301	0.6160	70	929.77
scaffold_184	67.7595	43044	0.5411	100.0000	43044	14349	14515	0.5616	64	29.62
scaffold_185	84.8096	42514	0.5740	100.0000	42514	17630	17897	0.5771	70	104.47
scaffold_186	70.8523	42385	0.5533	100.0000	42385	14872	14817	0.5787	69	27.91
scaffold_187	74.3900	42109	0.5501	100.0000	42109	14616	14622	0.5818	70	30.66
scaffold_188	72.7152	40946	0.5767	100.0000	40946	14711	14700	0.5927	68	26.36
scaffold_189	76.3252	40926	0.5735	100.0000	40926	15441	15470	0.5901	72	27.84
scaffold_190	62.5347	40298	0.5455	100.0000	40298	12411	12428	0.5751	58	27.42
scaffold_191	63.5133	40177	0.5394	100.0000	40177	12630	12638	0.5562	60	21.28
scaffold_192	78.4097	40109	0.5798	100.0000	40109	15490	15537	0.5950	75	27.06
scaffold_193	76.8710	39618	0.5816	100.0000	39618	15024	14991	0.6023	74	28.15
scaffold_194	70.5383	38830	0.5653	100.0000	38830	13547	13558	0.5803	67	22.32
scaffold_195	66.7939	38735	0.5588	100.0000	38735	12691	12714	0.5730	64	21.28
scaffold_196	68.8387	38023	0.5603	100.0000	38023	12953	12944	0.5875	64	27.38
scaffold_197	72.4056	37225	0.5787	100.0000	37225	13338	13323	0.5962	69	24.24
scaffold_198	74.5486	36709	0.5683	100.0000	36709	13537	13547	0.5830	71	24.29
scaffold_199	71.3967	36206	0.5702	100.0000	36206	12794	12787	0.5820	68	22.05
scaffold_200	70.3859	35548	0.5466	100.0000	35548	12338	12391	0.5613	65	35.55
scaffold_201	60.0221	35111	0.5377	100.0000	35111	10418	10365	0.5532	54	23.81
scaffold_202	71.8397	35071	0.5408	100.0000	35071	12291	12227	0.5567	64	29.56
scaffold_203	74.0427	35001	0.5911	100.0000	35001	12834	12813	0.6092	71	26.56
scaffold_204	71.8718	34962	0.5821	100.0000	34962	12431	12441	0.5981	69	24.29
scaffold_205	73.2889	34493	0.5194	100.0000	34493	12088	12135	0.5278	61	52.17
scaffold_206	74.4796	33458	0.5650	100.0000	33458	12346	12320	0.5792	71	24.60
scaffold_207	60.4143	32837	0.5055	100.0000	32837	9860	9798	0.5580	59	33.43
scaffold_208	73.0623	32655	0.5620	100.0000	32655	11782	11743	0.5905	67	30.65
scaffold_209	64.1568	32172	0.5558	100.0000	32172	10192	10211	0.5782	61	24.00
scaffold_210	78.7339	31878	0.5667	100.0000	31878	12415	12423	0.5893	76	28.92
scaffold_211	51.1560	31799	0.5215	100.0000	31799	8015	8097	0.5381	45	26.75
scaffold_212	55.0126	31735	0.5039	100.0000	31735	8661	8618	0.5489	53	30.01
scaffold_213	60.8201	30963	0.5391	100.0000	30963	9298	9272	0.5578	56	23.42
scaffold_214	67.7061	30158	0.5589	100.0000	30158	10095	10117	0.5729	63	22.88
scaffold_215	65.3394	29386	0.5416	100.0000	29386	9442	9505	0.5618	62	24.75
scaffold_216	76.4526	29340	0.5731	100.0000	29340	11083	11125	0.5927	74	27.76
scaffold_217	79.0187	28681	0.5974	100.0000	28681	11212	11222	0.6106	80	26.88
scaffold_218	78.9544	28655	0.5658	100.0000	28655	11111	11115	0.5890	75	28.32
scaffold_219	56.3948	28639	0.5344	100.0000	28639	7974	8015	0.5505	53	21.22
scaffold_220	65.0403	28464	0.5509	100.0000	28464	9154	9169	0.5701	60	26.15
scaffold_221	78.7353	28344	0.5742	100.0000	28344	10977	10959	0.5915	77	34.04
scaffold_222	81.7386	28122	0.5709	100.0000	28122	11386	11361	0.5850	77	38.84
scaffold_223	68.6811	28035	0.5817	100.0000	28035	9424	9429	0.6024	64	26.46
scaffold_224	55.6738	27752	0.5177	100.0000	27752	7603	7691	0.5307	47	29.47
scaffold_225	75.0507	27429	0.5882	100.0000	27429	10091	10067	0.6015	73	25.84
scaffold_226	73.0819	26935	0.5348	100.0000	26935	9750	9729	0.5669	52	72.38
scaffold_227	67.3264	26838	0.5642	100.0000	26838	8958	8920	0.5820	64	26.47
scaffold_228	59.8976	26601	0.5256	100.0000	26601	7867	7883	0.5427	58	20.56
scaffold_229	73.0396	26093	0.5741	100.0000	26093	9407	9459	0.5915	67	36.34
scaffold_230	35.7136	26087	0.4265	100.0000	26087	4547	4539	0.4758	26	25.64
scaffold_231	71.8833	26082	0.5604	100.0000	26082	9304	9258	0.5767	68	23.78
scaffold_232	78.6607	25098	0.5601	100.0000	25098	9779	9760	0.5769	75	25.15
scaffold_233	80.8803	24387	0.5518	100.0000	24387	9642	9859	0.5693	73	63.97
scaffold_234	53.4363	24300	0.5247	100.0000	24300	6430	6427	0.5459	47	22.50
scaffold_235	61.7371	24171	0.5351	100.0000	24171	7346	7425	0.5690	54	28.61
scaffold_236	87.4883	24158	0.4630	100.0000	24158	9801	9643	0.5039	47	157.26
scaffold_237	70.9132	24055	0.5652	99.9875	24052	8442	8441	0.5809	66	24.39
scaffold_238	77.2670	23662	0.5737	100.0000	23662	9014	9041	0.5904	75	28.27
scaffold_239	69.0883	23181	0.5574	100.0000	23181	7909	7947	0.5782	64	26.01
scaffold_240	54.5122	22821	0.4783	100.0000	22821	5675	5644	0.4951	49	23.63
scaffold_241	60.7900	22804	0.5105	100.0000	22804	6913	6798	0.5249	45	57.29
scaffold_242	74.3342	22636	0.5751	99.8851	22610	8302	8305	0.5970	73	25.84
scaffold_243	69.9248	22509	0.5539	100.0000	22509	7791	7779	0.5711	65	26.24
scaffold_244	67.9947	22411	0.5257	100.0000	22411	7512	7570	0.5480	60	28.49
scaffold_245	69.9869	22321	0.5532	100.0000	22321	7652	7640	0.5753	68	25.27
scaffold_246	72.3891	22136	0.5370	100.0000	22136	7926	7935	0.5716	71	28.59
scaffold_247	90.4677	22046	0.4797	100.0000	22046	9501	9477	0.4976	50	114.15
scaffold_248	72.2428	21863	0.5931	99.8994	21841	7841	7783	0.6150	71	27.62
scaffold_249	67.5810	21583	0.5446	100.0000	21583	7175	7240	0.5583	62	24.79
scaffold_250	96.4937	20913	0.5653	100.0000	20913	10032	9925	0.5809	87	67.53
scaffold_251	75.0630	20623	0.5852	100.0000	20623	7662	7640	0.6075	74	27.63
scaffold_252	82.5120	20485	0.5917	100.0000	20485	8315	8269	0.6060	81	26.57
scaffold_253	83.9328	20444	0.5503	100.0000	20444	8364	8554	0.5678	62	129.82
scaffold_254	48.9499	20309	0.5235	100.0000	20309	4932	4911	0.5353	45	17.08
scaffold_255	189.3801	20039	0.5226	100.0000	20039	16801	16919	0.5634	90	232.26
scaffold_256	48.9766	19868	0.4902	100.0000	19868	4832	4798	0.5389	46	27.59
scaffold_257	61.8612	19730	0.5394	100.0000	19730	6037	6055	0.5561	59	22.52
scaffold_258	59.1273	19602	0.5059	100.0000	19602	5700	5708	0.5521	52	29.25
scaffold_259	43.9246	19559	0.4161	100.0000	19559	3961	4202	0.4561	26	43.94
scaffold_260	57.8247	19527	0.5128	100.0000	19527	5566	5540	0.5532	53	24.66
scaffold_261	61.7054	19526	0.5457	100.0000	19526	5959	5981	0.5602	56	23.96
scaffold_262	58.0232	19464	0.5361	100.0000	19464	5624	5549	0.5454	54	20.09
scaffold_263	64.8952	19431	0.5610	100.0000	19431	6209	6271	0.5789	63	24.67
scaffold_264	66.1201	19318	0.5558	100.0000	19318	6307	6284	0.5772	63	28.15
scaffold_265	67.8514	19184	0.5328	100.0000	19184	6379	6341	0.5606	58	28.94
scaffold_266	63.9347	17938	0.5372	100.0000	17938	5663	5709	0.5550	60	23.08
scaffold_267	64.6024	17747	0.5022	100.0000	17747	5679	5666	0.5520	62	33.02
scaffold_268	50.1953	17503	0.4671	100.0000	17503	4367	4327	0.4841	47	17.81
scaffold_269	47.0385	17449	0.5020	100.0000	17449	4020	4113	0.5174	43	20.50
scaffold_270	62.3485	17426	0.5424	100.0000	17426	5396	5357	0.5551	58	19.77
scaffold_271	75.2674	17379	0.5600	100.0000	17379	6443	6509	0.5768	73	23.40
scaffold_272	109.6786	17062	0.5035	100.0000	17062	8941	9272	0.5327	56	142.78
scaffold_273	66.0925	16944	0.5585	100.0000	16944	5521	5563	0.5770	61	24.36
scaffold_274	58.7767	16858	0.5468	100.0000	16858	4891	4918	0.5581	55	19.68
scaffold_275	77.5693	16588	0.4687	100.0000	16588	6288	6387	0.4728	46	82.04
scaffold_276	76.8933	16383	0.5829	100.0000	16383	6217	6243	0.6087	80	30.09
scaffold_277	37.3545	16227	0.4436	100.0000	16227	3035	2984	0.4751	32	21.57
scaffold_278	69.4420	16149	0.5790	100.0000	16149	5532	5542	0.5926	68	25.38
scaffold_279	57.2380	16131	0.5154	100.0000	16131	4492	4610	0.5424	51	27.16
scaffold_280	69.0932	16004	0.5194	100.0000	16004	5525	5424	0.5369	58	41.84
scaffold_281	73.2997	15803	0.5486	100.0000	15803	5714	5665	0.5635	67	29.44
scaffold_282	70.0844	15713	0.4904	100.0000	15713	5221	5177	0.5077	56	45.72
scaffold_283	63.0321	15649	0.5357	99.6485	15594	4887	4879	0.5503	60	22.13
scaffold_284	81.6221	15270	0.5838	100.0000	15270	6150	6185	0.5970	82	25.30
scaffold_285	64.5142	14781	0.4384	100.0000	14781	4205	4183	0.4509	50	43.25
scaffold_286	93.6867	14512	0.5419	100.0000	14512	4933	4895	0.5569	89	23.86
scaffold_287	67.2138	14407	0.5799	100.0000	14407	4789	4791	0.5974	61	25.89
scaffold_288	209.9219	14360	0.4893	100.0000	14360	14550	14491	0.4999	70	236.86
scaffold_289	62.0455	14295	0.4723	100.0000	14295	4085	4024	0.4878	53	31.87
scaffold_290	67.3643	14249	0.4936	100.0000	14249	4669	4679	0.5097	62	31.36
scaffold_291	187.3296	13864	0.4862	100.0000	13864	10179	10108	0.4929	152	153.60
scaffold_292	65.4437	13754	0.5184	100.0000	13754	4486	4423	0.5519	65	29.43
scaffold_293	38.8679	13737	0.4546	100.0000	13737	2630	2656	0.4669	36	15.97
scaffold_294	82.2574	13591	0.6138	100.0000	13591	5484	5554	0.6245	82	26.27
scaffold_295	66.3360	13568	0.5077	100.0000	13568	4469	4444	0.5616	61	43.20
scaffold_296	73.0208	13563	0.5554	100.0000	13563	4888	4917	0.5857	72	28.82
scaffold_297	83.5907	13481	0.5871	100.0000	13481	5576	5571	0.6015	85	25.41
scaffold_298	75.1499	13478	0.5390	99.9332	13469	5022	5001	0.5462	67	38.57
scaffold_299	71.0347	13331	0.5281	100.0000	13331	4636	4736	0.5431	53	44.38
scaffold_300	60.8241	13324	0.5278	100.0000	13324	4021	4010	0.5454	52	30.64
scaffold_301	61.0435	13222	0.4847	100.0000	13222	3843	3843	0.5177	57	31.36
scaffold_302	50.7135	13080	0.4568	100.0000	13080	2878	2789	0.4673	45	29.50
scaffold_303	67.9533	12966	0.5488	100.0000	12966	4343	4385	0.5870	62	30.22
scaffold_304	72.7350	12284	0.5876	100.0000	12284	4404	4432	0.6050	73	27.75
scaffold_305	60.0773	12196	0.5617	100.0000	12196	3631	3621	0.5686	59	18.51
scaffold_306	65.3653	11769	0.5668	100.0000	11769	3806	3809	0.5814	63	26.70
scaffold_307	65.4296	11636	0.5321	100.0000	11636	3743	3788	0.5956	64	34.54
scaffold_308	54.9210	11632	0.5267	100.0000	11632	3164	3161	0.5485	48	26.08
scaffold_309	48.1822	11529	0.5143	100.0000	11529	2745	2749	0.5225	45	13.45
scaffold_310	42.8805	11511	0.4691	100.0000	11511	2472	2416	0.4807	39	16.92
scaffold_311	54.5165	11195	0.5249	100.0000	11195	3029	3013	0.5404	49	22.31
scaffold_312	71.2708	11154	0.5221	100.0000	11154	3921	3946	0.5385	64	35.62
scaffold_313	64.6150	11062	0.4660	100.0000	11062	3560	3524	0.4913	41	83.87
scaffold_314	82.6671	11027	0.6043	100.0000	11027	4471	4516	0.6237	84	29.75
scaffold_315	97.3754	10919	0.5181	100.0000	10919	5225	5284	0.5425	83	43.86
scaffold_316	86.2251	10793	0.4404	100.0000	10793	4628	4568	0.4615	60	68.47
scaffold_317	70.4542	10692	0.5597	100.0000	10692	3702	3755	0.5776	67	26.15
scaffold_318	77.3716	10634	0.5005	100.0000	10634	3402	3406	0.5151	72	23.91
scaffold_319	65.8288	10499	0.4733	100.0000	10499	3291	3329	0.4997	43	62.70
scaffold_320	65.3375	10331	0.5492	99.5935	10289	3342	3343	0.5617	62	20.53
scaffold_321	45.9129	10325	0.5121	100.0000	10325	2335	2363	0.5224	43	20.08
scaffold_322	72.0624	10195	0.5132	100.0000	10195	3628	3644	0.5273	66	27.78
scaffold_323	65.8783	10159	0.5363	100.0000	10159	3333	3294	0.5548	61	21.94
scaffold_324	83.7513	10046	0.5832	100.0000	10046	4159	4172	0.5957	83	23.35
scaffold_325	54.8186	10018	0.4434	100.0000	10018	2423	2388	0.4676	42	35.07
scaffold_326	79.7504	9978	0.6274	100.0000	9978	3932	3940	0.6326	80	23.08
scaffold_327	66.8128	9664	0.5504	100.0000	9664	3217	3172	0.5614	63	21.92
scaffold_328	42.6857	9609	0.4680	100.0000	9609	2024	2034	0.4801	36	20.96
scaffold_329	64.7914	9541	0.4964	100.0000	9541	3091	3024	0.5204	52	36.70
scaffold_330	39.3287	9490	0.4690	100.0000	9490	1830	1864	0.4796	37	14.03
scaffold_331	54.2687	9448	0.4653	99.9788	9446	2552	2532	0.4798	49	22.91
scaffold_332	52.6432	9332	0.4832	100.0000	9332	2437	2429	0.4945	48	18.97
scaffold_333	47.1393	9155	0.4540	100.0000	9155	2138	2081	0.4607	40	26.70
scaffold_334	72.3218	8927	0.5546	100.0000	8927	3201	3191	0.5804	68	31.33
scaffold_335	58.6131	8871	0.5061	100.0000	8871	2545	2606	0.5171	56	17.82
scaffold_336	72.2263	8832	0.5567	100.0000	8832	3170	3144	0.5937	69	29.43
scaffold_337	43.3951	8767	0.4507	100.0000	8767	1596	1557	0.4599	41	13.97
scaffold_338	72.7250	8691	0.4617	100.0000	8691	2970	2980	0.4674	67	32.60
scaffold_339	50.3497	8633	0.5105	100.0000	8633	2138	2180	0.5196	47	17.09
scaffold_340	86.1554	8557	0.5288	100.0000	8557	3613	3715	0.5356	55	66.29
scaffold_341	44.7145	8438	0.4604	100.0000	8438	1862	1879	0.4765	42	15.90
scaffold_342	76.3820	8426	0.4573	100.0000	8426	3261	3127	0.5171	40	155.66
scaffold_343	58.0948	8330	0.5235	100.0000	8330	2404	2392	0.5454	53	23.93
scaffold_344	59.5889	8254	0.5190	100.0000	8254	2406	2474	0.5391	50	38.39
scaffold_345	85.4068	8215	0.5186	100.0000	8215	3484	3486	0.5775	56	186.57
scaffold_346	90.9509	8129	0.6620	100.0000	8129	3615	3621	0.6663	94	25.53
scaffold_347	72.0680	8120	0.4539	100.0000	8120	1991	2049	0.4732	71	31.38
scaffold_348	68.6786	8103	0.5420	100.0000	8103	2784	2740	0.5518	66	19.95
scaffold_349	42.7128	8102	0.4472	100.0000	8102	1715	1715	0.4555	41	15.86
scaffold_350	59.2352	8088	0.5851	100.0000	8088	2353	2389	0.6062	54	26.56
scaffold_351	29.4795	8065	0.3957	100.0000	8065	1182	1168	0.4116	26	15.50
scaffold_352	35.6380	7599	0.3948	100.0000	7599	1300	1381	0.4583	18	36.42
scaffold_353	42.8989	7556	0.4698	100.0000	7556	1554	1594	0.5073	32	26.47
scaffold_354	71.1772	7414	0.5490	100.0000	7414	2591	2635	0.5712	71	25.46
scaffold_355	37.5285	7277	0.4397	100.0000	7277	1346	1358	0.4510	35	12.46
scaffold_356	94.1942	7265	0.4874	100.0000	7265	3484	3277	0.5195	55	101.56
scaffold_357	49.7191	7235	0.4658	100.0000	7235	1593	1564	0.4824	44	18.93
scaffold_358	91.8742	7157	0.5385	100.0000	7157	3252	3246	0.5625	64	62.65
scaffold_359	51.9418	7109	0.4483	100.0000	7109	1864	1786	0.4635	43	31.62
scaffold_360	66.9983	7073	0.5336	100.0000	7073	2368	2323	0.5483	52	37.98
scaffold_361	53.9689	7066	0.4493	100.0000	7066	1877	1900	0.4685	43	42.09
scaffold_362	46.5694	7015	0.4649	100.0000	7015	1409	1425	0.4842	43	17.83
scaffold_363	5162.5818	7002	0.5474	100.0000	7002	179650	178544	0.5796	5069	2064.24
scaffold_364	62.8272	6922	0.4942	100.0000	6922	2135	2152	0.5130	48	47.61
scaffold_365	51.8258	6876	0.5176	100.0000	6876	1778	1748	0.5294	46	22.05
scaffold_366	37.6902	6844	0.4538	100.0000	6844	1266	1288	0.4720	33	17.34
scaffold_367	42.1249	6606	0.4373	100.0000	6606	1378	1377	0.4723	35	20.51
scaffold_368	102.5426	6598	0.4077	100.0000	6598	3216	3300	0.4404	58	112.26
scaffold_369	104.3928	6591	0.5207	100.0000	6591	2885	2849	0.5401	94	36.04
scaffold_370	93.9087	6492	0.4766	100.0000	6492	2873	2716	0.4927	79	72.58
scaffold_371	101.3694	6475	0.5367	100.0000	6475	3272	3231	0.5474	97	38.68
scaffold_372	59.2885	6444	0.4787	100.0000	6444	1743	1708	0.4955	56	20.69
scaffold_373	57.9542	6347	0.4809	100.0000	6347	1766	1714	0.4885	51	34.41
scaffold_374	58.7683	6341	0.4991	100.0000	6341	1860	1828	0.5246	58	24.52
scaffold_375	48.3478	6328	0.4107	100.0000	6328	1505	1525	0.4572	41	25.04
scaffold_376	60.5236	6305	0.5039	100.0000	6305	1919	1865	0.5053	54	29.26
scaffold_377	73.2620	6272	0.4295	100.0000	6272	2323	2233	0.4657	49	64.73
scaffold_378	62.7360	6213	0.4687	100.0000	6213	1919	1936	0.4680	49	40.05
scaffold_379	83.6210	6201	0.6576	100.0000	6201	2571	2554	0.6710	90	34.58
scaffold_380	71.0048	6198	0.5005	100.0000	6198	2027	1986	0.5170	67	29.39
scaffold_381	68.7392	6189	0.4493	100.0000	6189	2261	1966	0.4619	44	89.94
scaffold_382	68.5675	6125	0.5569	100.0000	6125	2095	2084	0.5641	66	19.38
scaffold_383	56.8395	6111	0.5179	100.0000	6111	1711	1726	0.5368	55	21.60
scaffold_384	57.6967	6053	0.4697	100.0000	6053	1733	1705	0.4808	49	29.06
scaffold_385	71.5174	6048	0.5971	100.0000	6048	2119	2162	0.6087	68	29.79
scaffold_386	94.2670	5939	0.4662	100.0000	5939	2519	2642	0.4751	63	78.15
scaffold_387	28.7974	5924	0.4087	100.0000	5924	874	823	0.4233	26	12.78
scaffold_388	86.1548	5828	0.5122	100.0000	5828	1427	1453	0.5176	84	16.36
scaffold_389	53.4505	5740	0.4315	100.0000	5740	1540	1476	0.4350	45	28.93
scaffold_390	507.2231	5729	0.2835	100.0000	5729	12594	12604	0.2867	598	429.01
scaffold_391	137.8104	5633	0.5583	100.0000	5633	3849	3843	0.5712	138	41.16
scaffold_392	44.3299	5581	0.4875	100.0000	5581	1245	1207	0.4942	44	10.01
scaffold_393	99.0581	5581	0.4845	100.0000	5581	2749	2735	0.5033	87	37.51
scaffold_394	71.7792	5580	0.6210	100.0000	5580	1991	1972	0.6340	69	27.05
scaffold_395	68.6839	5564	0.5153	100.0000	5564	1896	1895	0.5416	45	47.07
scaffold_396	74.8988	5552	0.5159	100.0000	5552	2057	2050	0.5240	72	28.23
scaffold_397	55.1623	5503	0.4498	100.0000	5503	1432	1563	0.4633	36	72.25
scaffold_398	72.9486	5463	0.6568	100.0000	5463	1984	1955	0.6702	72	26.69
scaffold_399	45.6941	5329	0.5245	100.0000	5329	1207	1205	0.5311	44	12.36
scaffold_400	40.2250	5257	0.3744	100.0000	5257	1035	1054	0.3804	32	24.13
scaffold_401	60.4574	5184	0.4898	100.0000	5184	1564	1539	0.5059	49	28.01
scaffold_402	128.7819	5180	0.4759	100.0000	5180	3254	3347	0.5187	80	125.82
scaffold_403	132.3776	5177	0.4615	100.0000	5177	3367	3387	0.4978	111	98.48
scaffold_404	67.8732	5102	0.6313	100.0000	5102	1733	1690	0.6392	71	24.52
scaffold_405	64.8056	5102	0.5365	100.0000	5102	1633	1654	0.5471	59	21.84
scaffold_406	74.2917	5078	0.4703	100.0000	5078	1633	1666	0.5051	54	54.85
scaffold_407	192.4623	5016	0.4936	100.0000	5016	4843	4723	0.4824	132	168.80
scaffold_408	49.8413	5010	0.5064	100.0000	5010	1222	1257	0.5196	41	21.72
scaffold_409	48.3806	5003	0.4299	100.0000	5003	1218	1178	0.4653	37	30.79
scaffold_410	107.1407	4984	0.4667	100.0000	4984	2607	2682	0.4612	96	48.15
scaffold_411	40.6812	4946	0.4854	100.0000	4946	1014	989	0.5019	37	16.19
scaffold_412	88.8752	4887	0.6556	100.0000	4887	2144	2154	0.6647	97	29.77
scaffold_413	268.2608	4885	0.4184	100.0000	4885	6358	6181	0.5534	42	419.08
scaffold_414	19.7068	4860	0.4010	100.0000	4860	474	474	0.4080	20	6.07
scaffold_415	128.4977	4824	0.6488	100.0000	4824	3233	3140	0.5440	86	312.18
scaffold_416	117.3045	4814	0.4925	100.0000	4814	2766	2838	0.5126	103	59.24
scaffold_417	27.1502	4801	0.3812	100.0000	4801	551	561	0.3797	27	7.10
scaffold_418	329.7517	4740	0.4764	100.0000	4740	7618	7845	0.4963	343	204.66
scaffold_419	50.3393	4713	0.4772	100.0000	4713	1094	1083	0.4904	47	15.90
scaffold_420	75.4275	4713	0.5816	100.0000	4713	1775	1742	0.5957	74	25.80
scaffold_421	96.1340	4709	0.6439	100.0000	4709	2241	2240	0.6635	101	28.15
scaffold_422	48.2505	4706	0.5161	100.0000	4706	1122	1137	0.5284	46	16.54
scaffold_423	60.3100	4694	0.5309	100.0000	4694	1426	1379	0.5375	59	15.85
scaffold_424	103.4485	4684	0.4806	100.0000	4684	2153	2145	0.4778	66	83.04
scaffold_425	90.7524	4601	0.6266	100.0000	4601	2048	2083	0.6376	97	34.55
scaffold_426	94.9008	4585	0.6746	100.0000	4585	2154	2155	0.6752	103	31.38
scaffold_427	95.3826	4496	0.4711	100.0000	4496	2154	2088	0.4879	93	39.72
scaffold_428	104.8533	4493	0.4772	100.0000	4493	2399	2208	0.4809	78	83.24
scaffold_429	44.1701	4474	0.4765	100.0000	4474	978	977	0.4938	40	15.81
scaffold_430	96.6514	4426	0.6525	100.0000	4426	2130	2104	0.6673	107	33.91
scaffold_431	42.1846	4415	0.4199	100.0000	4415	897	945	0.4302	38	18.86
scaffold_432	866.0681	4373	0.3169	100.0000	4373	18940	18677	0.3143	851	266.58
scaffold_433	17.0826	4348	0.3195	100.0000	4348	370	366	0.3333	17	5.38
scaffold_434	48.1181	4344	0.4503	100.0000	4344	1008	1056	0.4570	46	16.54
scaffold_435	100.3124	4338	0.4532	100.0000	4338	2146	2141	0.4544	79	57.31
scaffold_436	152.2535	4324	0.4803	100.0000	4324	3243	3087	0.4991	79	167.01
scaffold_437	159.1800	4311	0.4846	100.0000	4311	3406	3367	0.4763	113	114.41
scaffold_438	145.7475	4269	0.4568	100.0000	4269	3120	2978	0.4710	117	90.88
scaffold_439	43.8835	4257	0.4257	100.0000	4257	940	924	0.4207	33	33.17
scaffold_440	85.1437	4253	0.6236	100.0000	4253	1790	1795	0.6536	96	35.32
scaffold_441	86.6410	4226	0.4645	100.0000	4226	1800	1829	0.4649	73	42.08
scaffold_442	77.7822	4210	0.6601	100.0000	4210	1623	1616	0.6663	85	28.07
scaffold_443	74.3866	4190	0.6150	100.0000	4190	1534	1549	0.6273	72	28.23
scaffold_444	123.2727	4148	0.3877	100.0000	4148	2490	2531	0.4711	44	203.49
scaffold_445	127.7927	4143	0.5081	100.0000	4143	2593	2632	0.5382	93	98.67
scaffold_446	26.3371	4085	0.3878	100.0000	4085	531	533	0.4030	24	12.23
scaffold_447	83.5920	4081	0.6866	100.0000	4081	1690	1686	0.6910	90	30.23
scaffold_448	143.0105	4077	0.4687	100.0000	4077	2930	2788	0.5285	75	225.57
scaffold_449	94.2581	4034	0.4814	100.0000	4034	1882	1878	0.4780	83	49.33
scaffold_450	42.6148	4024	0.4667	100.0000	4024	825	873	0.4812	38	17.26
scaffold_451	92.6735	3948	0.5375	100.0000	3948	1730	1762	0.5546	67	73.17
scaffold_452	41.4321	3939	0.4321	100.0000	3939	792	809	0.4417	39	14.54
scaffold_453	87.8881	3923	0.6510	100.0000	3923	1712	1699	0.6543	94	26.68
scaffold_454	64.5303	3890	0.4342	100.0000	3890	1225	1263	0.4713	47	43.46
scaffold_455	47.3409	3840	0.5201	100.0000	3840	902	896	0.5377	42	20.19
scaffold_456	92.2283	3829	0.4936	100.0000	3829	1726	1767	0.5087	69	62.04
scaffold_457	44.7297	3766	0.4546	100.0000	3766	828	841	0.4698	42	15.89
scaffold_458	548.1328	3766	0.3155	100.0000	3766	9662	9876	0.3127	384	526.46
scaffold_459	86.8203	3717	0.3982	100.0000	3717	1628	1568	0.4275	59	66.01
scaffold_460	56.8242	3704	0.4511	100.0000	3704	1039	1046	0.4698	34	58.66
scaffold_461	55.8412	3691	0.3969	100.0000	3691	1026	1003	0.4205	44	35.01
scaffold_462	39.9547	3686	0.4457	100.0000	3686	729	736	0.4541	36	13.44
scaffold_463	55.3049	3644	0.5354	100.0000	3644	1016	974	0.5451	53	15.78
scaffold_464	47.8176	3613	0.4702	100.0000	3613	830	863	0.4902	41	24.63
scaffold_465	66.5392	3609	0.5686	100.0000	3609	1199	1174	0.6286	59	37.09
scaffold_466	193.4318	3585	0.4985	100.0000	3585	3410	3445	0.5044	217	124.01
scaffold_467	28.6384	3579	0.4018	100.0000	3579	514	502	0.4088	28	7.19
scaffold_468	128.1091	3464	0.4991	100.0000	3464	2197	2193	0.4948	93	88.32
scaffold_469	54.8514	3460	0.4457	100.0000	3460	949	929	0.4628	47	31.33
scaffold_470	71.9009	3411	0.4902	100.0000	3411	1213	1220	0.4807	57	37.97
scaffold_471	131.4537	3370	0.5591	100.0000	3370	2189	2220	0.5708	129	42.12
scaffold_472	81.1688	3360	0.4955	100.0000	3360	1334	1360	0.5279	65	42.16
scaffold_473	56.7064	3335	0.5778	100.0000	3335	942	929	0.5979	58	29.08
scaffold_474	125.9334	3318	0.4970	100.0000	3318	1997	1920	0.5145	71	159.98
scaffold_475	80.5411	3310	0.4961	100.0000	3310	1338	1300	0.5594	42	71.92
scaffold_476	49.5498	3290	0.4690	100.0000	3290	834	781	0.4696	42	30.20
scaffold_477	141.4729	3284	0.4872	100.0000	3284	2299	2302	0.5051	127	65.14
scaffold_478	119.3426	3263	0.4689	100.0000	3263	1923	1932	0.4769	125	53.24
scaffold_479	144.7517	3262	0.4911	100.0000	3262	2350	2323	0.5133	128	79.27
scaffold_480	122.7977	3258	0.5436	100.0000	3258	2049	1937	0.5532	107	45.92
scaffold_481	42.4342	3243	0.4625	100.0000	3243	710	658	0.4655	37	18.47
scaffold_482	34.0959	3243	0.3679	100.0000	3243	543	552	0.3640	36	11.40
scaffold_483	92.8330	3210	0.4801	100.0000	3210	1416	1530	0.4616	40	94.70
scaffold_484	42.2377	3206	0.3818	100.0000	3206	660	662	0.3969	36	24.92
scaffold_485	59.5070	3162	0.4273	100.0000	3162	823	816	0.4501	53	23.13
scaffold_486	184.0352	3152	0.4150	100.0000	3152	2881	2802	0.5098	42	350.80
scaffold_487	186.3778	3115	0.5018	100.0000	3115	2838	2857	0.4849	109	157.30
scaffold_488	35.2392	3102	0.4510	100.0000	3102	564	525	0.4585	33	11.50
scaffold_489	472.7495	3050	0.5157	100.0000	3050	7202	7098	0.5181	444	340.23
scaffold_490	80.1950	3030	0.4670	100.0000	3030	1189	1215	0.4773	69	49.00
scaffold_491	105.9289	3025	0.5233	100.0000	3025	1589	1596	0.5384	91	43.58
scaffold_492	76.8651	3025	0.5580	100.0000	3025	1138	1171	0.5695	74	26.00
scaffold_493	35.7609	3016	0.4436	100.0000	3016	516	552	0.4416	33	12.30
scaffold_494	74.6712	3005	0.4908	100.0000	3005	1105	1092	0.4910	73	28.33
scaffold_495	138.9017	2981	0.4596	100.0000	2981	2072	1988	0.4766	141	81.43
scaffold_496	133.7160	2979	0.4914	100.0000	2979	1964	1979	0.5092	105	104.29
scaffold_497	37.8201	2969	0.4483	100.0000	2969	554	561	0.4552	36	11.87
scaffold_498	254.2643	2959	0.4863	100.0000	2959	3884	3627	0.5474	50	385.79
scaffold_499	1054.8910	2955	0.3134	100.0000	2955	15285	15858	0.3150	982	216.21
scaffold_500	183.4369	2948	0.4542	100.0000	2948	2706	2644	0.4708	150	127.85
scaffold_501	384.5243	2943	0.4533	100.0000	2943	5578	5600	0.4513	441	158.38
scaffold_502	280.7302	2928	0.4925	100.0000	2928	4086	4059	0.5008	265	167.83
scaffold_503	42.6754	2927	0.4448	100.0000	2927	640	595	0.4610	39	19.05
scaffold_504	85.8264	2920	0.4507	100.0000	2920	1188	1294	0.5032	49	115.55
scaffold_505	27.9497	2903	0.4409	100.0000	2903	388	415	0.4496	25	14.53
scaffold_506	89.9582	2893	0.4984	100.0000	2893	1327	1255	0.5060	80	47.26
scaffold_507	64.3872	2880	0.4802	100.0000	2880	921	924	0.4938	62	22.05
scaffold_508	31.9090	2879	0.3612	100.0000	2879	437	472	0.3691	32	11.14
scaffold_509	43.9639	2795	0.4487	100.0000	2795	586	629	0.4810	40	21.27
scaffold_510	41.4034	2794	0.4592	100.0000	2794	590	557	0.4768	35	22.55
scaffold_511	85.6970	2792	0.5140	100.0000	2792	1193	1188	0.5351	59	73.45
scaffold_512	81.5775	2786	0.5668	100.0000	2786	1119	1132	0.5989	89	35.73
scaffold_513	80.5245	2780	0.4737	100.0000	2780	1098	1117	0.4633	85	29.75
scaffold_514	28.5601	2771	0.3295	100.0000	2771	398	385	0.3421	28	10.90
scaffold_515	51.1117	2766	0.5239	100.0000	2766	682	711	0.5298	47	21.69
scaffold_516	66.9634	2760	0.5319	100.0000	2760	902	929	0.5499	54	40.92
scaffold_517	100.2331	2750	0.4698	100.0000	2750	1365	1366	0.4850	86	67.58
scaffold_518	123.6306	2729	0.5163	100.0000	2729	1671	1677	0.5367	108	52.05
scaffold_519	91.5842	2727	0.4543	100.0000	2727	1211	1258	0.4581	78	49.45
scaffold_520	55.2151	2720	0.4647	100.0000	2720	733	756	0.4734	50	23.61
scaffold_521	48.4647	2718	0.3918	100.0000	2718	652	662	0.3994	46	14.33
scaffold_522	51.2912	2716	0.4650	100.0000	2716	700	683	0.4870	45	21.20
scaffold_523	83.7138	2715	0.4961	100.0000	2715	1117	1148	0.5144	69	45.72
scaffold_524	16.8920	2695	0.3796	100.0000	2695	225	227	0.4011	14	15.62
scaffold_525	151.0194	2682	0.4575	100.0000	2682	2046	1964	0.4968	78	152.92
scaffold_526	45.2014	2676	0.3729	99.9253	2674	587	608	0.3727	39	25.21
scaffold_527	75.4324	2627	0.5314	100.0000	2627	1003	961	0.5329	61	46.83
scaffold_528	89.2597	2622	0.4031	100.0000	2622	1150	1171	0.3932	97	27.21
scaffold_529	19.4549	2618	0.3541	100.0000	2618	250	259	0.3709	17	14.17
scaffold_530	129.9801	2611	0.4504	100.0000	2611	1726	1632	0.4349	88	98.78
scaffold_531	41.0414	2582	0.4655	100.0000	2582	555	494	0.4646	35	17.52
scaffold_532	60.8056	2577	0.5448	100.0000	2577	765	799	0.5581	54	28.09
scaffold_533	169.2361	2554	0.4037	100.0000	2554	2127	2112	0.4346	93	142.96
scaffold_534	41.5075	2544	0.4670	100.0000	2544	529	510	0.4971	33	27.78
scaffold_535	87.2089	2508	0.4362	100.0000	2508	1081	1081	0.4373	60	87.11
scaffold_536	43.0732	2500	0.4380	100.0000	2500	522	546	0.4553	38	19.73
scaffold_537	53.3846	2499	0.4726	100.0000	2499	665	658	0.4796	45	21.82
scaffold_538	322.9482	2492	0.4924	100.0000	2492	3930	4007	0.5112	239	256.35
scaffold_539	99.6438	2476	0.5372	100.0000	2476	1223	1234	0.5380	95	21.70
scaffold_540	43.7056	2473	0.4440	100.0000	2473	536	534	0.4813	37	19.46
scaffold_541	15.6649	2459	0.4510	100.0000	2459	195	186	0.4533	16	4.30
scaffold_542	52.4361	2426	0.4143	100.0000	2426	623	637	0.4380	43	30.13
scaffold_543	169.2500	2420	0.5277	100.0000	2420	2092	1985	0.5344	125	104.95
scaffold_544	19.4274	2412	0.3188	100.0000	2412	235	231	0.3438	18	11.12
scaffold_545	49.2187	2387	0.4495	100.0000	2387	576	588	0.4617	48	15.27
scaffold_546	174.3889	2381	0.4964	100.0000	2381	2019	2092	0.5146	120	128.93
scaffold_547	126.8424	2329	0.5247	100.0000	2329	1473	1508	0.5321	119	32.55
scaffold_548	113.3664	2328	0.4643	100.0000	2328	1326	1289	0.4690	75	84.43
scaffold_549	123.3235	2309	0.5115	100.0000	2309	1408	1417	0.5156	123	25.83
scaffold_550	260.8165	2300	0.4787	100.0000	2300	3048	2891	0.4562	79	268.81
scaffold_551	289.3532	2296	0.5004	100.0000	2296	3177	3407	0.5039	239	156.56
scaffold_552	115.3224	2283	0.5326	100.0000	2283	1315	1309	0.5446	117	34.93
scaffold_553	32.9758	2273	0.4254	100.0000	2273	375	368	0.4510	31	14.91
scaffold_554	106.5916	2270	0.5264	100.0000	2270	1205	1194	0.5323	96	39.46
scaffold_555	200.4392	2261	0.5069	100.0000	2261	2203	2288	0.5066	160	114.47
scaffold_556	40.6306	2206	0.3912	100.0000	2206	437	464	0.4042	35	27.80
scaffold_557	70.1835	2185	0.4577	100.0000	2185	728	782	0.4557	66	31.66
scaffold_558	46.7770	2179	0.4461	100.0000	2179	514	496	0.4717	39	27.27
scaffold_559	80.8640	2177	0.5457	100.0000	2177	852	890	0.5602	80	26.58
scaffold_560	1422.2931	2173	0.3042	100.0000	2173	11232	10611	0.3146	1859	606.04
scaffold_561	155.4213	2172	0.4650	100.0000	2172	1684	1659	0.4717	148	91.58
scaffold_562	648.8953	2159	0.4924	100.0000	2159	7105	6797	0.5290	764	440.27
scaffold_563	51.0775	2130	0.5268	100.0000	2130	551	530	0.5433	46	22.91
scaffold_564	55.9038	2120	0.5533	98.0660	2079	589	583	0.5600	55	25.44
scaffold_565	44.6815	2116	0.3488	100.0000	2116	463	473	0.3527	44	12.82
scaffold_566	50.8539	2115	0.4983	100.0000	2115	540	526	0.5105	46	17.05
scaffold_567	53.4056	2103	0.4541	100.0000	2103	564	548	0.4650	51	20.13
scaffold_568	88.6518	2102	0.4705	100.0000	2102	929	915	0.4682	68	59.06
scaffold_569	195.5673	2101	0.4484	100.0000	2101	2050	2022	0.4412	212	68.65
scaffold_570	120.4284	2089	0.5510	100.0000	2089	1249	1254	0.5563	113	30.69
scaffold_571	63.2035	2079	0.4291	100.0000	2079	689	612	0.4443	43	47.11
scaffold_572	29.8811	2060	0.3971	100.0000	2060	320	290	0.3994	29	9.90
scaffold_573	80.0073	2043	0.6358	100.0000	2043	801	818	0.6374	84	22.70
scaffold_574	34.5868	2040	0.5020	100.0000	2040	356	349	0.5107	33	12.01
scaffold_575	810.6765	2037	0.3019	100.0000	2037	8188	8272	0.3025	802	141.58
scaffold_576	59.8991	2022	0.4931	100.0000	2022	604	613	0.4919	61	8.29
scaffold_577	57.8337	2014	0.4027	100.0000	2014	571	583	0.4349	54	32.46
scaffold_578	57.3666	2013	0.4252	100.0000	2013	591	567	0.4305	50	34.37
scaffold_579	121.4163	2006	0.4855	100.0000	2006	1196	1215	0.4636	75	104.17
scaffold_580	145.8599	1991	0.4741	100.0000	1991	1518	1360	0.4783	140	61.80
scaffold_581	199.6158	1978	0.5046	100.0000	1978	1938	1974	0.4783	147	157.38
scaffold_582	109.8699	1975	0.4987	100.0000	1975	1058	1109	0.5043	106	28.83
scaffold_583	121.7356	1967	0.4443	100.0000	1967	1200	1171	0.4355	124	55.12
scaffold_584	299.7723	1959	0.4640	100.0000	1959	2946	2843	0.5546	58	400.70
scaffold_585	33.2582	1956	0.3666	100.0000	1956	325	321	0.3756	28	18.08
scaffold_586	141.5112	1956	0.4755	100.0000	1956	1348	1390	0.4722	88	117.91
scaffold_587	60.8517	1935	0.4765	100.0000	1935	575	591	0.4858	59	23.10
scaffold_588	157.9071	1906	0.4024	100.0000	1906	1372	1520	0.4245	125	106.01
scaffold_589	1030.4863	1896	0.4968	100.0000	1896	9738	9606	0.5479	1067	274.32
scaffold_590	852.0994	1892	0.3060	100.0000	1892	7996	8081	0.3099	885	135.19
scaffold_591	49.1683	1878	0.4814	100.0000	1878	441	486	0.5007	43	21.08
scaffold_592	177.1531	1875	0.4667	100.0000	1875	1675	1617	0.4793	147	107.74
scaffold_593	56.8424	1866	0.4748	100.0000	1866	511	540	0.4838	54	20.56
scaffold_594	110.3373	1859	0.4927	100.0000	1859	1091	939	0.4922	108	53.20
scaffold_595	64.5530	1859	0.4298	100.0000	1859	580	610	0.4532	56	27.40
scaffold_596	1087.1023	1838	0.2786	100.0000	1838	10428	9938	0.2849	1011	292.74
scaffold_597	39.2405	1838	0.3977	100.0000	1838	405	351	0.4127	29	41.70
scaffold_598	53.2552	1838	0.3950	100.0000	1838	488	482	0.4046	51	15.56
scaffold_599	51.8641	1818	0.4065	100.0000	1818	467	462	0.4225	44	28.14
scaffold_600	49.6066	1815	0.5377	100.0000	1815	451	450	0.5412	47	11.78
scaffold_601	57.9917	1799	0.5120	100.0000	1799	509	535	0.5194	52	26.74
scaffold_602	57.7822	1791	0.4567	100.0000	1791	512	515	0.4550	60	16.84
scaffold_603	91.6235	1785	0.4846	100.0000	1785	823	796	0.4995	78	59.81
scaffold_604	64.3882	1785	0.5137	100.0000	1785	572	566	0.5284	48	33.87
scaffold_605	299.7231	1759	0.5043	100.0000	1759	2688	2533	0.5216	252	152.58
scaffold_606	101.0404	1759	0.5355	100.0000	1759	868	894	0.5382	101	25.24
scaffold_607	197.3776	1756	0.5604	100.0000	1756	1783	1622	0.5741	162	115.37
scaffold_608	112.7271	1748	0.4262	100.0000	1748	1013	937	0.4367	103	67.51
scaffold_609	85.2329	1735	0.4651	100.0000	1735	762	701	0.4476	78	39.28
scaffold_610	35.6465	1720	0.4424	100.0000	1720	321	288	0.4462	36	11.87
scaffold_611	46.4179	1718	0.4651	96.6822	1661	360	421	0.4755	39	40.29
scaffold_612	56.6669	1717	0.4636	100.0000	1717	470	493	0.4901	54	27.35
scaffold_613	100.5342	1711	0.4383	100.0000	1711	848	841	0.4526	100	50.98
scaffold_614	38.4827	1709	0.4172	100.0000	1709	325	328	0.4192	36	15.50
scaffold_615	307.4745	1686	0.5314	100.0000	1686	2624	2504	0.5337	310	141.91
scaffold_616	35.7939	1679	0.5104	99.3448	1668	285	311	0.5115	36	11.08
scaffold_617	68.6416	1677	0.4198	100.0000	1677	548	591	0.4414	55	55.62
scaffold_618	44.6549	1675	0.4872	100.0000	1675	391	349	0.4946	42	15.14
scaffold_619	70.1314	1674	0.4904	100.0000	1674	591	585	0.4919	71	11.67
scaffold_620	313.9803	1671	0.4650	100.0000	1671	2532	2635	0.4646	338	105.36
scaffold_621	77.5447	1656	0.4372	100.0000	1656	649	625	0.4390	68	35.52
scaffold_622	52.8416	1654	0.4921	100.0000	1654	429	437	0.5135	49	21.92
scaffold_623	55.2518	1652	0.4443	100.0000	1652	461	443	0.4529	52	23.72
scaffold_624	31.0497	1651	0.3555	100.0000	1651	257	260	0.3800	27	18.10
scaffold_625	187.6515	1650	0.4491	100.0000	1650	1506	1507	0.4611	87	184.66
scaffold_626	74.6141	1643	0.4565	100.0000	1643	583	604	0.4570	76	13.75
scaffold_627	41.9327	1634	0.4468	100.0000	1634	346	332	0.4409	39	18.99
scaffold_628	65.5718	1630	0.4344	100.0000	1630	559	501	0.4347	61	25.01
scaffold_629	65.8595	1630	0.4294	100.0000	1630	541	528	0.4331	63	16.86
scaffold_630	43.2218	1614	0.4374	100.0000	1614	339	354	0.4402	41	14.15
scaffold_631	56.6598	1611	0.4494	100.0000	1611	448	456	0.4489	57	21.29
scaffold_632	102.3686	1609	0.4655	100.0000	1609	800	836	0.4793	91	58.02
scaffold_633	60.4904	1607	0.4960	100.0000	1607	494	470	0.4998	63	18.40
scaffold_634	308.6597	1584	0.4779	100.0000	1584	2377	2467	0.4642	330	154.11
scaffold_635	45.8880	1581	0.4295	100.0000	1581	337	381	0.4297	44	17.96
scaffold_636	156.2194	1577	0.4299	100.0000	1577	1209	1230	0.4298	150	59.87
scaffold_637	65.4190	1575	0.4654	100.0000	1575	513	505	0.4729	54	29.65
scaffold_638	198.8670	1556	0.5135	100.0000	1556	1501	1565	0.4944	183	108.33
scaffold_639	78.0625	1553	0.5287	100.0000	1553	556	555	0.5255	78	20.89
scaffold_640	78.6579	1552	0.5348	100.0000	1552	641	590	0.5572	57	60.45
scaffold_641	162.5903	1550	0.5858	100.0000	1550	1291	1236	0.5972	172	46.99
scaffold_642	41.7761	1545	0.3832	100.0000	1545	309	336	0.4070	39	21.65
scaffold_643	83.8762	1535	0.5472	100.0000	1535	625	668	0.5473	80	21.45
scaffold_644	1136.0576	1527	0.3078	100.0000	1527	8829	8558	0.3126	1134	183.90
scaffold_645	92.2836	1520	0.5322	100.0000	1520	693	700	0.5337	88	25.94
scaffold_646	70.9802	1518	0.5184	100.0000	1518	541	529	0.5302	60	38.27
scaffold_647	48.7502	1509	0.5017	100.0000	1509	360	378	0.5271	41	20.26
scaffold_648	50.8143	1508	0.4987	100.0000	1508	393	371	0.5110	44	16.61
scaffold_649	298.6962	1501	0.4630	100.0000	1501	2342	2070	0.4839	209	291.50
scaffold_650	94.0341	1496	0.4920	100.0000	1496	679	727	0.5128	73	50.41
scaffold_651	94.0991	1494	0.4311	100.0000	1494	712	678	0.4196	85	68.94
scaffold_652	1395.2274	1491	0.3300	100.0000	1491	10400	10121	0.3418	933	1316.32
scaffold_653	46.3821	1489	0.5937	100.0000	1489	319	364	0.5919	49	16.37
scaffold_654	32.7185	1485	0.4195	100.0000	1485	252	231	0.4158	33	8.55
scaffold_655	73.0358	1480	0.5135	100.0000	1480	439	476	0.5231	68	18.69
scaffold_656	31.3336	1478	0.4628	100.0000	1478	233	226	0.4628	32	8.69
scaffold_657	44.0163	1474	0.4471	100.0000	1474	310	332	0.4563	37	22.16
scaffold_658	27.1352	1472	0.3784	100.0000	1472	199	199	0.3787	27	8.64
scaffold_659	73.5830	1470	0.5000	100.0000	1470	520	553	0.4945	77	25.75
scaffold_660	22.7480	1468	0.3713	100.0000	1468	168	162	0.3805	23	6.11
scaffold_661	44.2916	1468	0.4693	100.0000	1468	325	319	0.4760	42	11.39
scaffold_662	78.8799	1465	0.5584	100.0000	1465	569	578	0.5700	65	38.10
scaffold_663	40.0308	1463	0.4874	100.0000	1463	287	292	0.4974	38	15.95
scaffold_664	91.9911	1462	0.4904	100.0000	1462	672	667	0.5072	82	38.78
scaffold_665	31.6051	1461	0.3812	100.0000	1461	237	221	0.3803	32	9.76
scaffold_666	333.9208	1452	0.4821	100.0000	1452	2409	2400	0.4720	370	93.78
scaffold_667	41.3840	1448	0.4696	100.0000	1448	291	302	0.4715	38	17.53
scaffold_668	20.9653	1442	0.3974	100.0000	1442	148	152	0.3952	22	5.18
scaffold_669	109.6500	1437	0.4134	100.0000	1437	749	797	0.4205	101	58.67
scaffold_670	26.9457	1436	0.4694	100.0000	1436	191	193	0.4766	27	5.45
scaffold_671	181.7784	1435	0.5296	100.0000	1435	1301	1322	0.5330	179	35.78
scaffold_672	76.2300	1426	0.4173	100.0000	1426	532	546	0.4337	53	58.94
scaffold_673	136.7237	1426	0.5358	100.0000	1426	941	1002	0.5424	119	46.87
scaffold_674	33.6074	1424	0.4473	100.0000	1424	229	245	0.4430	32	11.45
scaffold_675	61.2252	1421	0.4469	100.0000	1421	439	413	0.4921	35	66.31
scaffold_676	45.4314	1414	0.4088	100.0000	1414	304	330	0.3804	29	35.51
scaffold_677	30.2781	1413	0.4784	100.0000	1413	222	206	0.4718	28	11.33
scaffold_678	1060.2062	1411	0.2955	100.0000	1411	7353	7643	0.2848	842	538.09
scaffold_679	38.1077	1411	0.4805	100.0000	1411	271	265	0.4901	35	17.24
scaffold_680	184.2505	1389	0.4356	100.0000	1389	1260	1275	0.4362	168	110.76
scaffold_681	389.2410	1386	0.5144	100.0000	1386	2669	2683	0.4997	429	173.88
scaffold_682	70.6303	1385	0.4729	100.0000	1385	399	382	0.4821	72	20.33
scaffold_683	99.1337	1384	0.5340	100.0000	1384	668	693	0.5415	101	28.11
scaffold_684	131.1727	1384	0.4653	100.0000	1384	909	887	0.4693	126	51.35
scaffold_685	53.0853	1383	0.3232	100.0000	1383	358	377	0.3268	55	26.52
scaffold_686	49.1729	1382	0.5232	100.0000	1382	336	338	0.5295	47	14.50
scaffold_687	33.1910	1382	0.4247	100.0000	1382	224	232	0.4312	32	8.82
scaffold_688	69.2221	1378	0.4536	100.0000	1378	453	493	0.4515	72	25.97
scaffold_689	18.4641	1377	0.3863	100.0000	1377	124	129	0.3891	18	5.47
scaffold_690	93.3676	1371	0.5660	100.0000	1371	635	629	0.5805	81	53.98
scaffold_691	282.2358	1370	0.4336	100.0000	1370	2016	1813	0.4455	165	217.92
scaffold_692	34.0521	1362	0.4119	100.0000	1362	244	220	0.4296	30	15.97
scaffold_693	55.3449	1360	0.5184	100.0000	1360	364	386	0.5371	52	18.32
scaffold_694	109.7005	1359	0.4224	100.0000	1359	731	746	0.4246	112	42.33
scaffold_695	16.3343	1358	0.3778	100.0000	1358	109	110	0.3747	16	6.38
scaffold_696	67.3945	1356	0.5125	100.0000	1356	458	461	0.5163	67	12.94
scaffold_697	2635.1767	1347	0.3125	100.0000	1347	17608	17960	0.3103	2713	637.60
scaffold_698	153.6909	1346	0.4569	100.0000	1346	966	1112	0.4417	115	119.30
scaffold_699	131.5443	1343	0.4348	100.0000	1343	863	888	0.4295	138	55.56
scaffold_700	37.9910	1339	0.4548	100.0000	1339	248	258	0.4727	38	13.25
scaffold_701	46.1880	1335	0.4202	100.0000	1335	302	310	0.4040	45	18.95
scaffold_702	70.4955	1324	0.4456	100.0000	1324	463	466	0.4569	62	32.40
scaffold_703	171.1649	1316	0.4787	100.0000	1316	1189	1040	0.4687	163	103.68
scaffold_704	45.3524	1314	0.4718	100.0000	1314	292	299	0.4889	45	18.18
scaffold_705	54.2420	1306	0.5115	100.0000	1306	346	361	0.5116	51	16.29
scaffold_706	145.4728	1305	0.4330	100.0000	1305	904	977	0.4342	126	86.13
scaffold_707	589.7795	1297	0.4757	100.0000	1297	3834	3732	0.4644	691	215.52
scaffold_708	92.4003	1289	0.4965	100.0000	1289	599	588	0.4933	67	70.02
scaffold_709	81.7570	1288	0.4503	100.0000	1288	514	537	0.4477	79	29.69
scaffold_710	91.4058	1284	0.4696	100.0000	1284	561	602	0.4541	94	35.85
scaffold_711	88.0754	1274	0.5392	100.0000	1274	480	461	0.5502	89	25.45
scaffold_712	45.6942	1269	0.5217	100.0000	1269	284	292	0.5369	50	17.39
scaffold_713	41.1568	1263	0.5843	100.0000	1263	249	263	0.5734	39	18.77
scaffold_714	176.1396	1261	0.4687	100.0000	1261	1153	1051	0.5234	138	148.42
scaffold_715	54.6524	1260	0.4333	100.0000	1260	350	335	0.4517	47	18.57
scaffold_716	54.8917	1256	0.4347	100.0000	1256	382	304	0.4401	46	30.12
scaffold_717	210.8235	1241	0.4819	99.5165	1235	1262	1313	0.5417	144	202.56
scaffold_718	46.6505	1239	0.4730	100.0000	1239	287	286	0.4810	45	20.17
scaffold_719	74.9272	1237	0.4810	100.0000	1237	471	449	0.4832	70	35.11
scaffold_720	87.1152	1224	0.4444	100.0000	1224	536	522	0.4497	89	26.95
scaffold_721	185.4681	1222	0.6064	100.0000	1222	1112	1170	0.6133	188	41.40
scaffold_722	2271.3178	1221	0.3243	100.0000	1221	14110	13639	0.3092	1799	1033.26
scaffold_723	44.1624	1213	0.4542	100.0000	1213	278	254	0.4540	40	18.14
scaffold_724	186.8267	1212	0.5330	100.0000	1212	1130	1122	0.5574	170	69.55
scaffold_725	44.9967	1211	0.4889	99.7523	1208	277	264	0.5055	44	19.37
scaffold_726	71.7835	1210	0.3967	100.0000	1210	425	437	0.3958	67	39.98
scaffold_727	254.6307	1205	0.4224	100.0000	1205	1417	1655	0.4598	278	128.10
scaffold_728	1181.4294	1204	0.3414	100.0000	1204	7565	7007	0.3153	953	622.22
scaffold_729	70.7132	1203	0.4123	100.0000	1203	419	424	0.4309	58	36.47
scaffold_730	22.9908	1201	0.4005	100.0000	1201	134	141	0.4080	26	6.92
scaffold_731	68.1350	1200	0.3983	100.0000	1200	432	384	0.4233	61	32.59
scaffold_732	62.5805	1199	0.6564	100.0000	1199	360	382	0.6587	56	35.99
scaffold_733	78.3258	1191	0.5197	100.0000	1191	455	460	0.5254	84	17.39
scaffold_734	108.2605	1190	0.5454	100.0000	1190	695	625	0.5517	105	26.60
scaffold_735	92.7361	1190	0.5067	100.0000	1190	524	569	0.4918	93	37.03
scaffold_736	363.2578	1187	0.4844	100.0000	1187	2065	2189	0.5195	426	225.98
scaffold_737	46.4101	1185	0.4515	100.0000	1185	282	263	0.4413	48	19.30
scaffold_738	67.0821	1181	0.5512	100.0000	1181	390	396	0.5640	68	21.74
scaffold_739	55.7419	1178	0.5238	100.0000	1178	339	322	0.5270	54	13.57
scaffold_740	111.7664	1177	0.5285	100.0000	1177	640	666	0.5353	107	30.88
scaffold_741	30.4026	1175	0.4306	100.0000	1175	184	172	0.4370	31	7.11
scaffold_742	38.3305	1174	0.4165	100.0000	1174	242	206	0.4168	37	18.19
scaffold_743	30.6701	1173	0.3956	100.0000	1173	171	169	0.3864	25	17.71
scaffold_744	838.6052	1165	0.3476	100.0000	1165	5076	4851	0.3674	778	210.97
scaffold_745	70.2431	1164	0.5558	100.0000	1164	416	412	0.5595	66	27.17
scaffold_746	65.6072	1161	0.5444	100.0000	1161	377	373	0.5644	54	28.02
scaffold_747	29.5496	1159	0.4418	100.0000	1159	162	178	0.4467	31	9.44
scaffold_748	43.3544	1154	0.5043	100.0000	1154	248	255	0.5088	44	7.93
scaffold_749	98.0585	1146	0.5358	100.0000	1146	565	551	0.5324	101	18.82
scaffold_750	90.6830	1142	0.5210	100.0000	1142	500	533	0.5277	87	28.38
scaffold_751	936.6236	1137	0.2753	100.0000	1137	5297	5304	0.2782	885	318.91
scaffold_752	40.4411	1129	0.4393	100.0000	1129	226	226	0.4523	39	18.20
scaffold_753	192.2351	1123	0.4862	100.0000	1123	1101	1040	0.5066	171	138.37
scaffold_754	45.3590	1117	0.5962	100.0000	1117	260	242	0.6043	47	24.28
scaffold_755	30.7115	1116	0.4176	100.0000	1116	160	170	0.4267	29	9.74
scaffold_756	139.4959	1109	0.5068	100.0000	1109	754	786	0.5133	132	41.53
scaffold_757	31.3971	1108	0.4504	100.0000	1108	183	163	0.4534	31	8.85
scaffold_758	134.3967	1104	0.5725	100.0000	1104	729	744	0.5775	132	66.75
scaffold_759	72.5446	1098	0.4107	100.0000	1098	413	376	0.4262	71	32.67
scaffold_760	119.2135	1096	0.5401	100.0000	1096	645	666	0.5476	122	31.94
scaffold_761	43.6929	1094	0.4360	100.0000	1094	256	225	0.4380	39	16.12
scaffold_762	185.4090	1093	0.6258	100.0000	1093	1000	1011	0.6336	189	56.80
scaffold_763	83.8319	1083	0.4589	100.0000	1083	469	429	0.4816	63	54.30
scaffold_764	256.2116	1082	0.4187	100.0000	1082	1510	1239	0.4616	106	266.17
scaffold_765	650.5269	1080	0.5778	100.0000	1080	3491	3567	0.5695	639	154.69
scaffold_766	69.9879	1077	0.4234	100.0000	1077	390	358	0.3991	40	56.50
scaffold_767	265.4636	1072	0.4813	100.0000	1072	1443	1382	0.5188	244	233.96
scaffold_768	75.7418	1069	0.3929	100.0000	1069	407	395	0.4397	36	86.55
scaffold_769	84.5239	1065	0.5512	100.0000	1065	447	456	0.5535	79	21.65
scaffold_770	43.2234	1061	0.4345	100.0000	1061	234	225	0.4470	37	16.42
scaffold_771	141.1643	1059	0.4287	100.0000	1059	777	703	0.4190	117	77.72
scaffold_772	138.3793	1052	0.5162	100.0000	1052	720	722	0.5365	127	92.07
scaffold_773	69.5072	1047	0.4928	100.0000	1047	373	358	0.5027	73	16.42
scaffold_774	30.5774	1046	0.4101	100.0000	1046	166	139	0.4388	24	19.05
scaffold_775	71.1334	1042	0.4933	100.0000	1042	391	346	0.5260	56	37.49
scaffold_776	32.1660	1042	0.5969	100.0000	1042	174	158	0.6007	34	11.87
scaffold_777	261.0568	1039	0.4976	100.0000	1039	1279	1346	0.5629	227	178.83
scaffold_778	87.0829	1037	0.5072	100.0000	1037	467	441	0.5143	91	19.50
scaffold_779	15.7907	1032	0.3614	100.0000	1032	70	92	0.3773	14	7.74
scaffold_780	130.3981	1030	0.5282	100.0000	1030	608	740	0.5197	129	50.04
scaffold_781	38.1204	1030	0.4252	100.0000	1030	188	201	0.4322	39	10.75
scaffold_782	36.6350	1030	0.4068	100.0000	1030	195	179	0.4147	34	23.49
scaffold_783	129.6076	1022	0.4256	100.0000	1022	657	658	0.4611	63	118.97
scaffold_784	76.0978	1022	0.4168	100.0000	1022	388	383	0.4302	74	36.80
scaffold_785	57.0559	1019	0.4367	100.0000	1019	277	299	0.4411	56	28.55
scaffold_786	130.0206	1017	0.5103	100.0000	1017	674	671	0.5211	124	30.98
scaffold_787	46.8889	1017	0.4661	100.0000	1017	253	224	0.4702	43	15.60
scaffold_788	106.6795	1014	0.4655	100.0000	1014	559	519	0.4569	108	27.67
scaffold_789	135.8455	1010	0.4505	100.0000	1010	683	677	0.4871	73	110.93
scaffold_790	74.3323	1008	0.4544	100.0000	1008	375	368	0.4451	64	41.98
scaffold_791	61.3147	1004	0.5568	100.0000	1004	319	296	0.5631	62	19.18
