#ID	Avg_fold	Length	Ref_GC	Covered_percent	Covered_bases	Plus_reads	Minus_reads	Read_GC	Median_fold	Std_Dev
scaffold_1	72.5761	431248	0.5673	100.0000	431248	154289	154362	0.5835	69	25.22
scaffold_2	73.4786	429738	0.5690	99.9886	429689	155016	154924	0.5853	70	24.77
scaffold_3	73.4818	415099	0.5668	100.0000	415099	149702	149682	0.5839	70	25.22
scaffold_4	73.5233	393591	0.5666	99.9644	393451	142895	142983	0.5842	70	25.39
scaffold_5	73.5940	371610	0.5651	99.9935	371586	134823	134862	0.5806	70	24.91
scaffold_6	74.9968	343724	0.5592	100.0000	343724	125803	125833	0.5758	69	39.05
scaffold_7	71.2354	331456	0.5665	99.9635	331335	116538	116392	0.5826	68	24.26
scaffold_8	75.7202	326269	0.5713	100.0000	326269	121921	121890	0.5888	72	26.02
scaffold_9	71.8744	287757	0.5691	99.9944	287741	101842	101875	0.5838	68	24.42
scaffold_10	74.8575	280093	0.5666	99.9493	279951	103495	103405	0.5816	71	24.63
scaffold_11	75.1390	260021	0.5729	100.0000	260021	96474	96458	0.5887	72	25.10
scaffold_12	74.7882	251315	0.5716	100.0000	251315	92895	92886	0.5881	71	26.61
scaffold_13	73.1305	243873	0.5649	100.0000	243873	88003	88072	0.5792	70	23.65
scaffold_14	75.1521	225631	0.5655	100.0000	225631	83545	83505	0.5818	71	25.10
scaffold_15	75.8115	225027	0.5676	100.0000	225027	84103	84102	0.5835	73	25.33
scaffold_16	75.1769	222580	0.5746	99.9946	222568	82643	82570	0.5911	71	25.38
scaffold_17	74.9753	219946	0.5738	100.0000	219946	81269	81278	0.5903	72	25.76
scaffold_18	75.7505	219031	0.5715	99.9991	219029	81952	82035	0.5875	72	25.50
scaffold_19	73.7831	215728	0.5644	100.0000	215728	75158	75224	0.5792	69	25.55
scaffold_20	73.9658	212666	0.5713	100.0000	212666	77900	77486	0.5840	69	44.05
scaffold_21	73.1327	208637	0.5686	99.9468	208526	75305	75332	0.5842	69	24.17
scaffold_22	73.4240	208019	0.5701	100.0000	208019	75387	75364	0.5867	70	24.45
scaffold_23	77.3263	207941	0.5738	99.9663	207871	79270	79284	0.5893	74	25.76
scaffold_24	70.8143	204157	0.5639	100.0000	204157	71447	71355	0.5811	66	25.55
scaffold_25	71.4489	201889	0.5710	99.9965	201882	70916	70924	0.5882	67	25.45
scaffold_26	72.8105	201864	0.5661	100.0000	201864	72731	72673	0.5813	70	24.16
scaffold_27	72.2580	200005	0.5715	100.0000	200005	71244	71164	0.5893	68	25.55
scaffold_28	72.8133	193404	0.5695	99.9850	193375	69246	69370	0.5842	69	24.13
scaffold_29	76.5987	192537	0.5681	100.0000	192537	72695	72684	0.5847	73	25.07
scaffold_30	71.8120	189592	0.5677	100.0000	189592	67026	66920	0.5849	68	24.96
scaffold_31	73.7993	188119	0.5735	100.0000	188119	68364	68307	0.5907	70	25.58
scaffold_32	73.7604	185540	0.5654	99.9423	185433	67531	67281	0.5820	68	33.43
scaffold_33	71.6014	185424	0.5624	100.0000	185424	65316	65319	0.5775	68	23.61
scaffold_34	77.5368	185032	0.5660	100.0000	185032	70267	70332	0.5818	74	25.40
scaffold_35	76.5646	181615	0.5611	100.0000	181615	68617	68928	0.5790	70	52.20
scaffold_36	73.6496	181073	0.5606	100.0000	181073	65845	65900	0.5752	69	24.51
scaffold_37	70.4024	179848	0.5644	100.0000	179848	62438	62409	0.5807	67	24.32
scaffold_38	81.2107	179450	0.5742	100.0000	179450	71440	71384	0.5898	78	27.93
scaffold_39	82.4557	175553	0.5634	99.9732	175506	72244	70735	0.5920	71	188.84
scaffold_40	71.7902	174432	0.5611	100.0000	174432	61902	61994	0.5757	68	24.84
scaffold_41	70.0863	174005	0.5676	99.9557	173928	59987	59997	0.5844	66	24.79
scaffold_42	74.0237	172874	0.5697	100.0000	172874	63054	63084	0.5852	71	23.76
scaffold_43	73.8879	169926	0.5743	99.9971	169921	62026	62058	0.5893	72	23.97
scaffold_44	71.0972	168229	0.5686	99.9952	168221	59114	59166	0.5848	68	23.71
scaffold_45	68.4098	161657	0.5638	100.0000	161657	54546	54558	0.5804	65	24.18
scaffold_46	72.7099	156845	0.5664	100.0000	156845	56417	56410	0.5862	69	26.29
scaffold_47	76.9918	151767	0.5790	100.0000	151767	57761	57703	0.5943	75	25.39
scaffold_48	76.6127	150611	0.5683	100.0000	150611	56527	56649	0.5841	72	30.94
scaffold_49	72.7260	149591	0.5701	100.0000	149591	53787	53877	0.5838	69	25.19
scaffold_50	73.3155	149008	0.5653	100.0000	149008	53917	53911	0.5837	69	25.41
scaffold_51	70.9002	147946	0.5546	99.9986	147944	51644	51521	0.5701	64	34.77
scaffold_52	70.5427	142700	0.5660	100.0000	142700	49804	49793	0.5823	66	24.93
scaffold_53	73.5284	142303	0.5765	100.0000	142303	51521	51481	0.5919	70	23.78
scaffold_54	71.0783	140456	0.5611	100.0000	140456	49417	49273	0.5791	67	25.68
scaffold_55	72.6503	139063	0.5675	99.9842	139041	49962	49973	0.5883	71	25.82
scaffold_56	77.7646	131531	0.5701	100.0000	131531	50463	50514	0.5855	75	25.37
scaffold_57	73.5563	130383	0.5679	100.0000	130383	47390	47437	0.5833	70	24.57
scaffold_58	75.0192	129889	0.5633	100.0000	129889	47875	47802	0.5820	72	26.10
scaffold_59	80.5835	126476	0.5630	100.0000	126476	50300	50129	0.5782	75	34.97
scaffold_60	71.1122	126215	0.5586	100.0000	126215	44306	44364	0.5809	68	26.90
scaffold_61	77.6183	125815	0.5654	100.0000	125815	48095	47975	0.5820	73	25.48
scaffold_62	72.4265	123136	0.5632	100.0000	123136	43966	43886	0.5794	66	39.86
scaffold_63	72.9792	123023	0.5685	100.0000	123023	44413	44467	0.5833	69	24.17
scaffold_64	71.1751	121452	0.5680	100.0000	121452	42519	42512	0.5835	67	24.21
scaffold_65	84.9311	120897	0.5714	99.9983	120895	50188	51028	0.5919	73	215.95
scaffold_66	71.7157	119623	0.5607	100.0000	119623	42422	42353	0.5742	68	24.25
scaffold_67	76.3180	118678	0.5646	100.0000	118678	44742	44617	0.5800	72	26.67
scaffold_68	72.3275	118471	0.5634	99.9544	118417	42323	42338	0.5785	69	24.15
scaffold_69	76.5685	115444	0.5746	100.0000	115444	43413	43436	0.5915	71	27.33
scaffold_70	73.5239	114529	0.5697	100.0000	114529	41563	41552	0.5843	70	24.93
scaffold_71	73.2360	114193	0.5713	100.0000	114193	41315	41392	0.5876	69	24.40
scaffold_72	73.7681	112689	0.5688	100.0000	112689	41142	41046	0.5826	71	24.58
scaffold_73	70.0915	112494	0.5650	100.0000	112494	38993	38965	0.5828	66	25.48
scaffold_74	76.2645	108867	0.5679	100.0000	108867	41024	41015	0.5848	73	25.30
scaffold_75	72.1905	108543	0.5722	100.0000	108543	38513	38524	0.5888	68	25.92
scaffold_76	73.5787	107972	0.5622	100.0000	107972	38957	38973	0.5782	69	25.07
scaffold_77	74.9565	105017	0.5550	100.0000	105017	38925	38893	0.5759	71	28.08
scaffold_78	70.1188	104679	0.5628	100.0000	104679	36284	36297	0.5817	66	25.46
scaffold_79	79.5846	101847	0.5724	99.9774	101824	39907	39921	0.5869	76	26.12
scaffold_80	70.4119	100782	0.5756	100.0000	100782	34752	34778	0.5895	68	23.20
scaffold_81	74.7057	100563	0.5695	100.0000	100563	37079	37053	0.5880	71	26.35
scaffold_82	75.4271	100454	0.5749	100.0000	100454	37227	37157	0.5936	71	28.22
scaffold_83	75.1664	99626	0.5703	100.0000	99626	37047	37035	0.5880	70	25.68
scaffold_84	71.3893	98230	0.5611	100.0000	98230	34637	34530	0.5786	68	25.64
scaffold_85	74.8618	95774	0.5611	100.0000	95774	35251	35204	0.5776	71	25.36
scaffold_86	72.7223	95462	0.5643	100.0000	95462	34339	34335	0.5807	70	24.55
scaffold_87	72.2872	94721	0.5778	100.0000	94721	33872	33853	0.5945	69	24.54
scaffold_88	73.1312	91330	0.5684	100.0000	91330	33030	33057	0.5845	70	24.91
scaffold_89	69.4425	90807	0.5456	100.0000	90807	29541	29752	0.5597	62	41.33
scaffold_90	69.6021	90763	0.5644	100.0000	90763	31156	31174	0.5832	65	24.42
scaffold_91	85.5794	90102	0.5755	100.0000	90102	36704	36954	0.5902	75	182.17
scaffold_92	80.4096	90066	0.5546	100.0000	90066	35335	35428	0.5609	69	146.39
scaffold_93	71.8732	88899	0.5669	100.0000	88899	31390	31435	0.5832	68	23.66
scaffold_94	72.5606	87849	0.5624	100.0000	87849	30807	30692	0.5783	69	25.97
scaffold_95	73.0879	87633	0.5674	100.0000	87633	31672	31718	0.5865	71	25.73
scaffold_96	74.8326	87424	0.5747	100.0000	87424	32222	32163	0.5942	71	27.41
scaffold_97	73.4165	85942	0.5584	100.0000	85942	31197	31246	0.5774	70	26.70
scaffold_98	69.2922	85892	0.5589	100.0000	85892	29412	29427	0.5740	65	23.14
scaffold_99	69.9207	85853	0.5593	100.0000	85853	29685	29647	0.5767	66	30.65
scaffold_100	66.0842	84955	0.5668	100.0000	84955	27742	27746	0.5831	63	23.18
scaffold_101	74.4850	84142	0.5613	100.0000	84142	30994	30881	0.5803	72	25.12
scaffold_102	86.6819	83073	0.5796	100.0000	83073	35629	35639	0.5952	84	26.31
scaffold_103	64.6924	82849	0.5602	100.0000	82849	26473	26425	0.5791	62	24.27
scaffold_104	73.9873	82624	0.5685	100.0000	82624	30225	30228	0.5855	71	26.34
scaffold_105	71.2391	82348	0.5646	99.9976	82346	28940	28876	0.5794	68	23.01
scaffold_106	74.1090	81504	0.5769	100.0000	81504	29795	29821	0.5922	71	25.49
scaffold_107	76.0697	81268	0.5762	100.0000	81268	30536	30628	0.5937	73	25.43
scaffold_108	74.5195	79676	0.5681	100.0000	79676	29387	29360	0.5837	70	25.98
scaffold_109	76.3866	79663	0.5742	100.0000	79663	29894	29941	0.5915	72	25.67
scaffold_110	76.6446	78658	0.5750	100.0000	78658	29792	29830	0.5920	73	29.21
scaffold_111	69.8740	78359	0.5599	100.0000	78359	27089	27110	0.5743	66	22.43
scaffold_112	68.0993	77690	0.5573	100.0000	77690	26150	26084	0.5702	64	21.60
scaffold_113	73.8320	76111	0.5684	100.0000	76111	27789	27755	0.5881	71	27.73
scaffold_114	69.5838	75040	0.5554	100.0000	75040	25736	25716	0.5726	65	24.11
scaffold_115	68.2031	73388	0.5590	100.0000	73388	24768	24779	0.5718	64	23.65
scaffold_116	73.6430	73123	0.5716	100.0000	73123	26561	26563	0.5864	70	24.32
scaffold_117	73.7231	72644	0.5677	100.0000	72644	26471	26463	0.5825	68	32.11
scaffold_118	71.9875	71930	0.5578	100.0000	71930	25515	25566	0.5831	70	26.95
scaffold_119	78.6825	70949	0.5772	100.0000	70949	27525	27554	0.5944	75	27.06
scaffold_120	74.2507	70027	0.5566	100.0000	70027	25698	25740	0.5857	73	30.21
scaffold_121	59.6137	69131	0.5280	100.0000	69131	20324	20287	0.5458	52	27.76
scaffold_122	73.1535	68770	0.5637	100.0000	68770	24887	24816	0.5812	68	25.71
scaffold_123	73.6481	68346	0.5746	100.0000	68346	24884	24924	0.5897	70	25.62
scaffold_124	44.6469	68139	0.5502	93.6145	63788	10811	10810	0.5682	39	38.83
scaffold_125	72.9197	67960	0.5638	100.0000	67960	24550	24495	0.5774	70	23.15
scaffold_126	70.6034	67374	0.5666	100.0000	67374	23566	23523	0.5820	66	23.93
scaffold_127	69.5859	66543	0.5642	100.0000	66543	22839	22850	0.5821	66	25.05
scaffold_128	67.9916	65120	0.5578	100.0000	65120	21837	21863	0.5728	63	23.24
scaffold_129	71.9797	65051	0.5611	100.0000	65051	23174	23169	0.5745	69	23.03
scaffold_130	71.5386	64992	0.5616	100.0000	64992	22958	22980	0.5798	67	25.45
scaffold_131	72.3996	64729	0.5542	100.0000	64729	23136	23148	0.5699	67	26.59
scaffold_132	73.6681	64086	0.5640	100.0000	64086	23268	23249	0.5808	71	26.97
scaffold_133	74.4972	63962	0.5643	100.0000	63962	23417	23459	0.5776	71	23.21
scaffold_134	69.5174	63708	0.5700	100.0000	63708	21854	21850	0.5847	65	23.75
scaffold_135	71.3999	63470	0.5650	100.0000	63470	22422	22389	0.5921	68	27.95
scaffold_136	76.1194	62831	0.5892	100.0000	62831	23603	23650	0.6037	75	25.14
scaffold_137	74.0868	62815	0.5714	100.0000	62815	23010	23045	0.5881	69	25.54
scaffold_138	66.7497	62063	0.5355	100.0000	62063	20594	20338	0.5460	61	37.99
scaffold_139	79.6846	61551	0.5779	100.0000	61551	24218	24215	0.5914	75	52.46
scaffold_140	72.7642	61027	0.5605	100.0000	61027	21898	21904	0.5748	69	24.45
scaffold_141	73.9128	59309	0.5702	99.8516	59221	21681	21599	0.5918	71	27.08
scaffold_142	66.6492	58653	0.5455	100.0000	58653	19532	19166	0.5649	61	31.39
scaffold_143	68.0559	58205	0.5528	100.0000	58205	19552	19554	0.5748	66	25.27
scaffold_144	80.6461	58185	0.5837	100.0000	58185	23152	23121	0.6028	76	28.34
scaffold_145	52.0203	58108	0.5227	100.0000	58108	14848	14800	0.5388	47	20.55
scaffold_146	65.8116	57969	0.5559	100.0000	57969	18850	18902	0.5748	62	24.50
scaffold_147	69.9544	57820	0.5669	100.0000	57820	19830	19871	0.5781	68	20.35
scaffold_148	73.4550	57257	0.5730	100.0000	57257	20818	20798	0.5929	68	27.84
scaffold_149	85.7594	56977	0.5702	100.0000	56977	24004	23929	0.5749	72	62.53
scaffold_150	69.9262	56727	0.5705	99.9877	56720	19489	19577	0.5879	65	26.59
scaffold_151	71.3313	56234	0.5640	100.0000	56234	19747	19778	0.5777	68	23.47
scaffold_152	80.0165	56231	0.5804	99.9413	56198	22183	22151	0.5999	77	29.00
scaffold_153	73.9898	55871	0.5787	100.0000	55871	20424	20440	0.5950	72	25.86
scaffold_154	70.6834	54905	0.5646	100.0000	54905	19149	19175	0.5859	65	26.21
scaffold_155	73.4528	54899	0.5676	100.0000	54899	19982	19920	0.5832	71	24.96
scaffold_156	69.4651	54449	0.5499	100.0000	54449	18771	18689	0.5739	66	28.70
scaffold_157	74.2441	53338	0.5640	100.0000	53338	19591	19592	0.5785	73	22.89
scaffold_158	73.5106	53279	0.5715	100.0000	53279	19401	19361	0.5880	71	25.00
scaffold_159	74.9183	53137	0.5548	100.0000	53137	19857	19521	0.5705	69	46.31
scaffold_160	76.8880	52504	0.5797	100.0000	52504	19977	19965	0.5950	72	28.89
scaffold_161	76.8667	52269	0.5598	100.0000	52269	19890	19880	0.5755	72	25.22
scaffold_162	72.7369	52188	0.5776	100.0000	52188	18792	18757	0.5913	69	25.12
scaffold_163	68.1222	51530	0.5620	100.0000	51530	17380	17358	0.5758	64	22.66
scaffold_164	76.6085	51072	0.5733	100.0000	51072	19281	19346	0.5882	75	24.52
scaffold_165	67.1803	50864	0.5628	100.0000	50864	16822	16845	0.5778	63	23.21
scaffold_166	77.4803	50727	0.5623	99.7989	50625	19456	19438	0.5775	73	25.83
scaffold_167	55.8243	50329	0.5177	100.0000	50329	13947	13855	0.5368	52	20.50
scaffold_168	72.5579	49219	0.5637	99.9980	49218	17032	17001	0.5812	68	27.43
scaffold_169	75.4641	48974	0.5859	99.9428	48946	18226	18276	0.5997	74	25.20
scaffold_170	109.1864	48663	0.5527	100.0000	48663	27160	25588	0.5885	69	374.83
scaffold_171	70.9416	48025	0.5446	100.0000	48025	16816	16675	0.5735	67	32.53
scaffold_172	60.2460	47909	0.5421	100.0000	47909	14230	14260	0.5574	56	22.20
scaffold_173	77.6515	47367	0.5620	100.0000	47367	18105	18075	0.5766	74	31.01
scaffold_174	53.1442	47215	0.5041	100.0000	47215	12381	12460	0.5290	46	26.23
scaffold_175	72.9606	47151	0.5684	100.0000	47151	16881	16867	0.5948	73	27.67
scaffold_176	63.2988	46960	0.5301	100.0000	46960	14672	14697	0.5533	60	25.88
scaffold_177	74.2612	46098	0.5701	100.0000	46098	16867	16882	0.5849	70	24.10
scaffold_178	76.5827	45570	0.5748	100.0000	45570	17231	17263	0.5950	75	26.33
scaffold_179	67.4562	45336	0.5677	100.0000	45336	15111	15134	0.5795	64	22.45
scaffold_180	72.8384	45284	0.5521	99.9183	45247	16323	16332	0.5704	66	32.24
scaffold_181	65.8569	44882	0.5434	100.0000	44882	14534	14569	0.5735	62	25.88
scaffold_182	71.2311	44700	0.5728	100.0000	44700	15733	15774	0.5921	66	27.37
scaffold_183	82.5247	44147	0.5444	100.0000	44147	17731	17792	0.5558	76	35.63
scaffold_184	39.8368	44134	0.4472	100.0000	44134	8691	8682	0.4892	30	33.30
scaffold_185	74.7065	44053	0.5695	100.0000	44053	16235	16205	0.5876	73	25.33
scaffold_186	87.3786	42997	0.5685	100.0000	42997	18267	18252	0.5869	84	27.97
scaffold_187	78.4272	42898	0.5878	100.0000	42898	16414	16481	0.6035	76	28.20
scaffold_188	75.3403	42552	0.5532	100.0000	42552	15896	15864	0.5677	67	77.89
scaffold_189	75.3260	42498	0.5569	100.0000	42498	16373	15554	0.5915	65	135.55
scaffold_190	72.5130	41740	0.5758	100.0000	41740	14976	14983	0.5948	69	26.57
scaffold_191	70.5858	41628	0.5507	100.0000	41628	14568	14521	0.5688	68	24.85
scaffold_192	68.6262	41237	0.5306	100.0000	41237	13833	13599	0.5437	56	38.11
scaffold_193	81.1406	40848	0.5978	100.0000	40848	16368	16358	0.6097	80	25.92
scaffold_194	76.7372	40429	0.5729	100.0000	40429	15357	15345	0.5898	72	27.49
scaffold_195	80.1798	38959	0.5844	100.0000	38959	15400	15384	0.6018	79	27.81
scaffold_196	68.9755	37946	0.5607	100.0000	37946	12945	12951	0.5874	65	27.29
scaffold_197	69.3526	37449	0.5841	100.0000	37449	12811	12733	0.6007	66	24.40
scaffold_198	74.5772	36260	0.5708	100.0000	36260	13248	13293	0.5875	70	26.40
scaffold_199	75.5899	36008	0.5786	100.0000	36008	13450	13434	0.5927	73	25.14
scaffold_200	69.4465	35764	0.5627	100.0000	35764	12261	12326	0.5773	65	22.91
scaffold_201	59.1753	35689	0.5320	100.0000	35689	10430	10479	0.5513	52	25.12
scaffold_202	68.8704	35031	0.5494	100.0000	35031	11900	11945	0.5667	65	29.33
scaffold_203	74.0525	34984	0.5914	100.0000	34984	12805	12833	0.6092	71	26.54
scaffold_204	75.7134	34788	0.5405	100.0000	34788	12724	12654	0.5518	68	36.71
scaffold_205	94.7193	34595	0.5642	100.0000	34595	16330	16091	0.5687	81	76.69
scaffold_206	77.6515	34399	0.5602	100.0000	34399	13226	13208	0.5742	73	25.39
scaffold_207	75.6247	34191	0.5746	100.0000	34191	12805	12791	0.5928	72	26.46
scaffold_208	71.5697	34158	0.5608	100.0000	34158	12099	12051	0.5967	71	29.09
scaffold_209	67.9945	34006	0.5364	100.0000	34006	11463	11420	0.5650	65	26.66
scaffold_210	74.9985	33985	0.5677	100.0000	33985	12590	12649	0.5845	72	24.08
scaffold_211	59.9138	32742	0.5062	100.0000	32742	9707	9718	0.5600	59	32.84
scaffold_212	71.9824	32640	0.5531	100.0000	32640	11601	11540	0.5721	69	27.02
scaffold_213	70.9009	32326	0.5593	99.8577	32280	11343	11338	0.5717	67	21.84
scaffold_214	64.1618	32088	0.5567	100.0000	32088	10165	10187	0.5789	61	24.02
scaffold_215	65.6371	32082	0.5393	100.0000	32082	10230	10346	0.5629	60	27.55
scaffold_216	69.4923	31871	0.5571	100.0000	31871	10972	10951	0.5716	66	23.54
scaffold_217	67.7044	31635	0.5245	100.0000	31635	10593	10588	0.5432	60	35.82
scaffold_218	75.6739	31400	0.5631	100.0000	31400	11749	11767	0.5942	78	29.30
scaffold_219	54.8959	31188	0.5019	100.0000	31188	8461	8486	0.5472	53	30.05
scaffold_220	68.9283	29433	0.5578	100.0000	29433	10057	10015	0.5775	64	26.25
scaffold_221	49.8507	29379	0.5207	100.0000	29379	7231	7265	0.5362	44	21.13
scaffold_222	78.8942	28631	0.5658	100.0000	28631	11095	11105	0.5891	75	28.25
scaffold_223	65.1025	28414	0.5505	100.0000	28414	9163	9149	0.5701	60	26.07
scaffold_224	67.6031	28080	0.5618	100.0000	28080	9375	9408	0.5817	63	25.39
scaffold_225	66.0984	27988	0.5661	100.0000	27988	9162	9137	0.5765	63	21.88
scaffold_226	96.6008	27831	0.5602	100.0000	27831	13817	12819	0.5907	72	312.83
scaffold_227	67.0610	27830	0.5282	100.0000	27830	9206	9254	0.5431	58	37.51
scaffold_228	77.9434	27721	0.5666	100.0000	27721	10643	10634	0.5828	76	26.48
scaffold_229	57.4487	27521	0.5390	100.0000	27521	7808	7842	0.5533	54	20.95
scaffold_230	77.6502	27139	0.5755	100.0000	27139	10457	10400	0.5906	76	25.83
scaffold_231	70.5003	27080	0.5710	100.0000	27080	9459	9422	0.5898	67	26.76
scaffold_232	67.3007	26606	0.5671	100.0000	26606	8840	8864	0.5834	64	26.71
scaffold_233	63.0547	26565	0.5257	100.0000	26565	8275	8307	0.5421	59	26.00
scaffold_234	55.9774	26559	0.5341	100.0000	26559	7375	7334	0.5449	53	19.59
scaffold_235	104.4190	25909	0.5170	100.0000	25909	13362	13470	0.5407	56	195.83
scaffold_236	58.5173	24857	0.5213	100.0000	24857	7213	7197	0.5333	49	27.15
scaffold_237	75.6722	24497	0.5826	100.0000	24497	9171	9159	0.5969	73	25.32
scaffold_238	77.3857	24299	0.5447	100.0000	24299	9267	9252	0.5399	65	81.63
scaffold_239	78.3681	24099	0.5811	99.8672	24067	9238	9281	0.5971	76	28.81
scaffold_240	73.5039	24059	0.5391	100.0000	24059	8532	8597	0.5510	72	27.80
scaffold_241	71.0886	23965	0.5657	100.0000	23965	8433	8431	0.5810	66	24.23
scaffold_242	58.0143	23842	0.5226	100.0000	23842	6765	6695	0.5335	50	31.07
scaffold_243	71.3963	23550	0.5868	100.0000	23550	8264	8279	0.6038	70	26.49
scaffold_244	78.5104	23533	0.5601	100.0000	23533	9114	9178	0.5779	75	34.37
scaffold_245	65.9197	23165	0.5627	100.0000	23165	7553	7562	0.5840	63	26.85
scaffold_246	62.2929	23145	0.5367	100.0000	23145	7154	7114	0.5715	55	29.14
scaffold_247	73.9719	23136	0.5694	100.0000	23136	8357	8412	0.5847	70	27.54
scaffold_248	71.1489	22929	0.5657	100.0000	22929	8078	8070	0.5788	66	22.52
scaffold_249	64.3458	22905	0.5618	99.3888	22765	7291	7288	0.5758	61	23.62
scaffold_250	53.8344	22610	0.5230	100.0000	22610	6018	6038	0.5455	47	25.47
scaffold_251	85.5348	22146	0.5485	100.0000	22146	7577	7567	0.5619	83	26.81
scaffold_252	71.0531	21905	0.5625	100.0000	21905	7710	7701	0.5816	66	25.17
scaffold_253	79.5711	21415	0.5887	99.9813	21411	8418	8448	0.6028	75	25.58
scaffold_254	75.6412	21342	0.5445	100.0000	21342	7987	8000	0.5705	73	25.91
scaffold_255	61.0892	20878	0.5478	100.0000	20878	6311	6318	0.5624	57	23.05
scaffold_256	112.7312	20592	0.4996	100.0000	20592	11321	11343	0.5224	73	128.86
scaffold_257	82.9163	20440	0.5426	100.0000	20440	8354	8326	0.5545	70	44.00
scaffold_258	73.7680	20375	0.5736	99.8969	20354	7426	7456	0.5952	71	28.54
scaffold_259	80.1190	19434	0.5964	99.7067	19377	7682	7689	0.6125	81	28.76
scaffold_260	57.7967	19374	0.5138	100.0000	19374	5538	5520	0.5539	53	24.81
scaffold_261	86.6173	19172	0.5261	100.0000	19172	8192	8217	0.5614	49	79.54
scaffold_262	70.7510	19160	0.5328	100.0000	19160	6678	6645	0.5578	62	30.72
scaffold_263	66.1752	19015	0.5573	100.0000	19015	6235	6223	0.5784	61	25.52
scaffold_264	33.4497	18658	0.4147	100.0000	18658	2997	2978	0.4660	24	23.72
scaffold_265	77.0496	18470	0.5751	99.9729	18465	6995	7073	0.5968	72	28.77
scaffold_266	73.8173	18355	0.6049	100.0000	18355	6664	6647	0.6178	74	28.60
scaffold_267	48.2018	18071	0.5088	100.0000	18071	4322	4294	0.5195	43	21.26
scaffold_268	47.3893	17968	0.5150	100.0000	17968	4223	4207	0.5290	44	18.25
scaffold_269	63.4932	17817	0.5371	100.0000	17817	5617	5595	0.5557	59	22.91
scaffold_270	68.4960	17655	0.5609	100.0000	17655	6015	5960	0.5755	64	23.37
scaffold_271	73.2393	16709	0.5969	100.0000	16709	6040	6061	0.6106	71	24.99
scaffold_272	66.3292	16596	0.5569	99.9759	16592	5419	5473	0.5672	63	21.20
scaffold_273	78.3171	15861	0.5904	100.0000	15861	6154	6134	0.6122	82	29.48
scaffold_274	58.7931	15479	0.4746	100.0000	15479	4609	4391	0.4970	50	48.50
scaffold_275	71.3263	15337	0.5504	100.0000	15337	5393	5435	0.5742	70	30.73
scaffold_276	97.1919	15316	0.4732	100.0000	15316	7294	7155	0.4950	49	96.56
scaffold_277	62.0828	15275	0.5202	100.0000	15275	4669	4720	0.5423	57	23.98
scaffold_278	85.5580	14935	0.5266	99.9330	14925	6317	6299	0.5484	65	63.50
scaffold_279	405.3791	14607	0.5307	100.0000	14607	29379	29233	0.6310	69	1582.84
scaffold_280	59.1417	14453	0.5155	100.0000	14453	4224	4233	0.5537	58	25.33
scaffold_281	77.4786	14332	0.5811	100.0000	14332	5402	5410	0.5949	76	25.55
scaffold_282	63.5548	14327	0.5314	100.0000	14327	4476	4522	0.5487	53	33.12
scaffold_283	67.5874	14269	0.5809	100.0000	14269	4761	4781	0.5979	61	25.70
scaffold_284	39.7935	13819	0.4535	100.0000	13819	2712	2730	0.4653	36	16.86
scaffold_285	72.0248	13806	0.5577	98.6817	13624	4932	4911	0.5887	71	31.34
scaffold_286	104.3314	13577	0.4812	100.0000	13577	6299	6356	0.5158	68	123.69
scaffold_287	67.8828	13520	0.5390	100.0000	13520	4557	4529	0.5487	66	22.61
scaffold_288	71.0191	13438	0.5193	100.0000	13438	4659	4617	0.5341	62	28.59
scaffold_289	64.8712	13412	0.5242	100.0000	13412	4310	4304	0.5598	65	28.67
scaffold_290	68.3838	12888	0.5589	100.0000	12888	4352	4367	0.5901	63	31.79
scaffold_291	57.8063	12532	0.4896	100.0000	12532	3575	3599	0.5291	55	26.79
scaffold_292	50.5783	12343	0.5078	100.0000	12343	3070	3052	0.5524	39	27.50
scaffold_293	88.9920	12182	0.5038	100.0000	12182	5238	5115	0.5020	62	77.48
scaffold_294	69.2193	12172	0.4735	100.0000	12172	4087	4211	0.4843	59	42.18
scaffold_295	69.0161	12169	0.5177	100.0000	12169	4124	4195	0.5293	55	34.23
scaffold_296	58.2073	11785	0.4966	100.0000	11785	3370	3397	0.5146	50	28.36
scaffold_297	80.7069	11698	0.5154	100.0000	11698	4667	4692	0.5245	69	49.13
scaffold_298	104.4555	11648	0.4948	100.0000	11648	4527	4539	0.4919	91	63.19
scaffold_299	42.3029	11418	0.4708	100.0000	11418	2402	2382	0.4798	39	15.19
scaffold_300	64.9252	11415	0.5071	100.0000	11415	3661	3678	0.5220	61	28.86
scaffold_301	67.8041	11287	0.5158	100.0000	11287	3650	3631	0.5527	60	27.92
scaffold_302	79.8504	11284	0.5270	100.0000	11284	4490	4446	0.5370	68	41.39
scaffold_303	33.4722	11148	0.4241	100.0000	11148	1899	1794	0.4309	29	22.14
scaffold_304	49.4930	11010	0.5305	100.0000	11010	2694	2703	0.5372	48	12.89
scaffold_305	62.0612	10957	0.4685	100.0000	10957	3419	3192	0.4674	39	87.66
scaffold_306	77.3659	10609	0.6169	100.0000	10609	4066	4054	0.6276	78	24.73
scaffold_307	66.4570	10430	0.4560	100.0000	10430	2938	3025	0.4683	52	45.85
scaffold_308	69.2736	10325	0.5183	100.0000	10325	3483	3507	0.5294	64	27.67
scaffold_309	55.1915	10237	0.5080	100.0000	10237	2804	2792	0.5281	52	19.20
scaffold_310	52.9411	10059	0.5244	100.0000	10059	2637	2637	0.5425	47	21.95
scaffold_311	75.1399	10002	0.4433	100.0000	10002	3256	3204	0.4592	46	80.20
scaffold_312	31.4103	9804	0.4386	100.0000	9804	1510	1540	0.4712	27	18.32
scaffold_313	24.0828	9329	0.4139	100.0000	9329	1115	1120	0.4248	21	13.67
scaffold_314	71.6766	9267	0.5523	99.9460	9262	3296	3278	0.5765	66	33.62
scaffold_315	37.9357	9228	0.4423	100.0000	9228	1749	1716	0.4564	35	15.79
scaffold_316	64.0667	9126	0.4847	100.0000	9126	2867	2931	0.4912	54	37.45
scaffold_317	137.6860	9099	0.6018	100.0000	9099	6055	6326	0.5779	96	145.71
scaffold_318	66.6513	9068	0.5376	100.0000	9068	2996	2985	0.5579	65	24.48
scaffold_319	80.3510	9057	0.6112	100.0000	9057	3611	3592	0.6224	82	29.98
scaffold_320	69.8104	8996	0.4670	100.0000	8996	3079	3084	0.4832	58	36.13
scaffold_321	85.4109	8955	0.6051	100.0000	8955	3794	3777	0.6247	90	25.43
scaffold_322	59.6970	8902	0.5064	100.0000	8902	2608	2657	0.5182	57	18.93
scaffold_323	59.3480	8877	0.5096	100.0000	8877	2608	2606	0.5524	51	31.61
scaffold_324	92.2411	8756	0.6473	99.9315	8750	3997	3995	0.6489	96	24.71
scaffold_325	46.4053	8201	0.4692	100.0000	8201	1888	1884	0.4848	43	17.60
scaffold_326	63.9638	8102	0.5332	100.0000	8102	2572	2562	0.5443	56	28.51
scaffold_327	91.3630	8077	0.6606	100.0000	8077	3615	3618	0.6662	95	25.16
scaffold_328	59.3788	8060	0.5156	100.0000	8060	2370	2383	0.5375	56	21.45
scaffold_329	57.2362	7800	0.4535	100.0000	7800	1829	1814	0.4558	47	31.82
scaffold_330	64.5019	7722	0.5921	100.0000	7722	2483	2444	0.6116	59	28.98
scaffold_331	56.9975	7492	0.4630	100.0000	7492	1853	1838	0.4723	48	29.69
scaffold_332	60.2901	7481	0.5976	100.0000	7481	2243	2223	0.6186	55	26.53
scaffold_333	49.5143	7472	0.4455	100.0000	7472	1773	1805	0.4599	43	22.40
scaffold_334	36.4898	7399	0.3971	100.0000	7399	1334	1337	0.4867	22	67.92
scaffold_335	44.6620	7361	0.4714	100.0000	7361	1561	1513	0.5095	33	26.91
scaffold_336	118.6678	7303	0.5008	100.0000	7303	4271	4280	0.4884	70	115.92
scaffold_337	37.7376	7248	0.4394	100.0000	7248	1351	1358	0.4507	35	12.25
scaffold_338	104.3369	7242	0.4616	100.0000	7242	3696	3781	0.5087	54	191.39
scaffold_339	56.4977	7238	0.5374	100.0000	7238	2041	2008	0.5496	53	20.93
scaffold_340	46.3338	7202	0.4653	100.0000	7202	1514	1456	0.4836	43	17.36
scaffold_341	58.4098	6957	0.5340	100.0000	6957	1999	2024	0.5444	53	18.58
scaffold_342	130.2144	6799	0.4908	100.0000	6799	2426	2146	0.5079	127	50.33
scaffold_343	65.3213	6611	0.4465	100.0000	6611	2066	2050	0.4552	47	44.59
scaffold_344	46.5623	6600	0.4377	100.0000	6600	1421	1408	0.4693	40	20.69
scaffold_345	47.2840	6482	0.4426	100.0000	6482	1409	1425	0.4580	44	17.70
scaffold_346	63.2863	6363	0.4716	100.0000	6363	2060	1925	0.4825	49	68.02
scaffold_347	62.7841	6360	0.4948	100.0000	6360	1978	1982	0.5085	56	27.90
scaffold_348	61.0325	6271	0.5020	100.0000	6271	1902	1888	0.5210	58	28.40
scaffold_349	38.8684	6253	0.4534	100.0000	6253	1194	1212	0.4646	35	16.09
scaffold_350	117.5048	6234	0.4676	100.0000	6234	3516	3575	0.4575	59	138.73
scaffold_351	165.4842	6212	0.4808	100.0000	6212	3137	3328	0.5135	147	113.45
scaffold_352	39.1505	6133	0.3974	100.0000	6133	1163	1217	0.4192	23	41.48
scaffold_353	67.2482	6101	0.5570	100.0000	6101	2063	2005	0.5657	66	17.73
scaffold_354	69.2980	6043	0.4885	100.0000	6043	2078	2057	0.4994	55	37.56
scaffold_355	46.6751	5931	0.4726	100.0000	5931	1278	1297	0.4916	39	23.56
scaffold_356	102.8633	5868	0.4888	100.0000	5868	2641	2231	0.5220	65	152.11
scaffold_357	65.6991	5820	0.4852	100.0000	5820	1854	1894	0.5063	58	31.97
scaffold_358	244.8074	5814	0.4553	100.0000	5814	4671	4798	0.4639	55	274.23
scaffold_359	62.0189	5811	0.4509	100.0000	5811	1815	1721	0.4703	55	36.79
scaffold_360	507.2309	5729	0.2833	100.0000	5729	12590	12610	0.2867	539	396.94
scaffold_361	97.2961	5593	0.4860	100.0000	5593	2699	2657	0.4863	58	81.08
scaffold_362	87.7492	5590	0.4109	100.0000	5590	2533	2211	0.4527	28	231.02
scaffold_363	98.5868	5557	0.4844	100.0000	5557	2705	2727	0.5036	88	36.37
scaffold_364	370.5198	5546	0.4820	100.0000	5546	8778	8276	0.4903	185	613.66
scaffold_365	67.6596	5528	0.4555	100.0000	5528	1772	1798	0.4696	54	42.59
scaffold_366	74.3964	5389	0.4502	100.0000	5389	1985	1996	0.4990	40	124.25
scaffold_367	109.3536	5367	0.5476	100.0000	5367	2928	2887	0.5624	96	57.90
scaffold_368	56.1497	5363	0.5079	100.0000	5363	1509	1478	0.5427	48	28.40
scaffold_369	74.1391	5285	0.4672	100.0000	5285	1914	1795	0.4838	55	49.31
scaffold_370	535.7231	5272	0.4913	100.0000	5272	13879	14162	0.5489	62	597.98
scaffold_371	62.5870	5114	0.4451	100.0000	5114	1581	1587	0.5115	34	54.20
scaffold_372	101.3892	5057	0.5325	100.0000	5057	2573	2518	0.5459	92	34.81
scaffold_373	75.6935	4956	0.4907	100.0000	4956	1871	1677	0.4913	59	63.79
scaffold_374	68.4974	4918	0.6330	100.0000	4918	1688	1643	0.6417	72	24.24
scaffold_375	88.8568	4887	0.6556	100.0000	4887	2144	2154	0.6647	97	29.80
scaffold_376	87.3679	4887	0.6514	100.0000	4887	2119	2104	0.6694	95	34.41
scaffold_377	30.0434	4886	0.3993	100.0000	4886	692	709	0.4153	27	17.27
scaffold_378	50.4564	4869	0.4787	100.0000	4869	1216	1220	0.4937	46	18.18
scaffold_379	224.5651	4826	0.4356	100.0000	4826	5193	5199	0.4867	68	317.54
scaffold_380	62.0714	4807	0.5090	100.0000	4807	1460	1507	0.5215	45	34.74
scaffold_381	68.9488	4801	0.4574	100.0000	4801	1625	1627	0.4833	53	42.67
scaffold_382	72.9633	4771	0.4446	100.0000	4771	1709	1715	0.4480	53	82.04
scaffold_383	55.0086	4745	0.5062	100.0000	4745	1293	1292	0.5300	40	36.55
scaffold_384	58.0218	4731	0.4676	100.0000	4731	1428	1308	0.4815	43	34.95
scaffold_385	96.0891	4705	0.6434	100.0000	4705	2238	2239	0.6635	101	28.20
scaffold_386	76.9642	4636	0.6590	100.0000	4636	1758	1748	0.6750	85	30.19
scaffold_387	104.7995	4593	0.5260	100.0000	4593	2391	2386	0.5554	86	51.69
scaffold_388	321.8127	4566	0.4569	100.0000	4566	7215	7311	0.5148	289	260.56
scaffold_389	96.1416	4527	0.6751	99.2269	4492	2154	2155	0.6751	104	29.74
scaffold_390	69.0067	4510	0.3933	100.0000	4510	1375	1333	0.4134	65	34.91
scaffold_391	42.0459	4507	0.4149	100.0000	4507	929	947	0.4130	37	21.09
scaffold_392	64.1500	4460	0.4525	100.0000	4460	1427	1336	0.4510	56	35.02
scaffold_393	57.5051	4419	0.4582	100.0000	4419	1164	1162	0.4647	52	20.34
scaffold_394	44.9273	4404	0.4823	100.0000	4404	985	975	0.5062	40	18.71
scaffold_395	60.8259	4388	0.5333	100.0000	4388	1315	1331	0.5397	60	16.21
scaffold_396	25.8538	4378	0.3833	100.0000	4378	568	555	0.3859	24	10.80
scaffold_397	174.9540	4373	0.5276	100.0000	4373	3777	3850	0.5351	178	45.19
scaffold_398	47.7801	4338	0.4790	100.0000	4338	1034	1017	0.4887	45	14.65
scaffold_399	39.3673	4288	0.4762	100.0000	4288	846	828	0.4802	38	13.17
scaffold_400	101.1985	4287	0.5304	100.0000	4287	2139	2174	0.5465	98	49.59
scaffold_401	76.1742	4283	0.5302	100.0000	4283	1611	1613	0.5505	50	54.15
scaffold_402	20.9720	4246	0.4093	100.0000	4246	441	441	0.4117	21	5.45
scaffold_403	42.8224	4241	0.4225	100.0000	4241	921	882	0.4365	39	17.68
scaffold_404	44.2854	4212	0.4796	100.0000	4212	927	918	0.4960	39	16.24
scaffold_405	77.7582	4210	0.6601	100.0000	4210	1623	1615	0.6662	85	28.08
scaffold_406	523.4299	4143	0.4835	100.0000	4143	10761	10772	0.4673	658	315.57
scaffold_407	286.5001	4121	0.4547	100.0000	4121	5875	5508	0.5363	50	613.98
scaffold_408	220.6110	4116	0.4560	100.0000	4116	4304	3711	0.4077	86	457.41
scaffold_409	81.7636	4061	0.4831	100.0000	4061	1452	1413	0.4785	74	41.74
scaffold_410	73.4323	4041	0.6583	100.0000	4041	1449	1453	0.6625	76	26.94
scaffold_411	54.7661	3840	0.4641	100.0000	3840	1046	1016	0.4829	43	34.48
scaffold_412	65.2264	3798	0.4687	100.0000	3798	1272	1187	0.4831	44	60.50
scaffold_413	41.7055	3783	0.4594	100.0000	3783	684	724	0.4662	34	33.59
scaffold_414	549.4634	3766	0.3155	100.0000	3766	9682	9896	0.3125	445	528.38
scaffold_415	36.1614	3724	0.4063	100.0000	3724	651	683	0.4273	33	15.01
scaffold_416	48.3521	3723	0.4537	100.0000	3723	893	894	0.4653	44	19.14
scaffold_417	262.0720	3694	0.5173	100.0000	3694	4775	4811	0.4992	218	165.53
scaffold_418	21.4217	3673	0.4133	100.0000	3673	397	383	0.4175	21	7.65
scaffold_419	47.9656	3663	0.4693	100.0000	3663	862	879	0.4875	43	18.17
scaffold_420	103.5997	3657	0.4545	100.0000	3657	1819	1928	0.4536	113	48.73
scaffold_421	146.5068	3650	0.4605	100.0000	3650	2630	2652	0.4871	150	128.25
scaffold_422	66.5267	3596	0.5679	100.0000	3596	1169	1197	0.6286	58	37.07
scaffold_423	67.6585	3596	0.4636	100.0000	3596	1213	1088	0.4964	41	63.31
scaffold_424	70.2627	3590	0.6518	100.0000	3590	1236	1262	0.6636	74	27.30
scaffold_425	75.3782	3575	0.6194	100.0000	3575	1325	1342	0.6304	79	35.03
scaffold_426	227.8511	3553	0.4931	100.0000	3553	3945	4074	0.5089	181	96.66
scaffold_427	155.3216	3548	0.4839	100.0000	3548	2768	2702	0.4790	148	47.32
scaffold_428	392.6608	3544	0.4636	100.0000	3544	7064	6769	0.5128	263	397.43
scaffold_429	145.8679	3528	0.4654	100.0000	3528	2508	2586	0.4807	140	71.96
scaffold_430	56.7476	3455	0.4527	100.0000	3455	992	953	0.4589	48	28.16
scaffold_431	27.8939	3450	0.4449	100.0000	3450	479	475	0.4482	26	9.39
scaffold_432	51.7909	3425	0.5223	100.0000	3425	885	877	0.5367	47	19.28
scaffold_433	63.7142	3422	0.4465	100.0000	3422	1086	1069	0.4441	42	56.75
scaffold_434	382.0688	3358	0.4226	100.0000	3358	6125	5999	0.5607	55	485.39
scaffold_435	29.2418	3354	0.3828	100.0000	3354	478	495	0.3906	27	8.68
scaffold_436	148.1598	3335	0.4408	100.0000	3335	2424	2474	0.4407	142	72.98
scaffold_437	77.4211	3287	0.3943	100.0000	3287	1234	1287	0.4217	86	31.79
scaffold_438	129.5988	3280	0.4226	100.0000	3280	2094	2109	0.4863	28	166.49
scaffold_439	37.5390	3254	0.4474	100.0000	3254	599	611	0.4611	36	10.57
scaffold_440	50.5717	3248	0.4769	100.0000	3248	809	820	0.5051	39	26.05
scaffold_441	215.0853	3214	0.5171	100.0000	3214	3570	3294	0.5059	193	136.48
scaffold_442	311.5726	3166	0.5041	100.0000	3166	4982	4812	0.5151	259	140.01
scaffold_443	58.7259	3148	0.4562	100.0000	3148	923	923	0.4827	54	25.19
scaffold_444	93.7928	3147	0.5399	100.0000	3147	1469	1474	0.5457	84	34.44
scaffold_445	76.2721	3117	0.4963	100.0000	3117	1200	1151	0.5195	70	35.39
scaffold_446	76.6410	3078	0.4659	100.0000	3078	1215	1113	0.4487	50	74.66
scaffold_447	46.6990	3073	0.4510	100.0000	3073	773	655	0.4564	40	29.15
scaffold_448	39.2511	3063	0.4437	100.0000	3063	601	587	0.4581	34	18.24
scaffold_449	57.2884	3024	0.5072	100.0000	3024	815	890	0.5425	41	59.97
scaffold_450	56.9421	3020	0.4702	100.0000	3020	819	776	0.5164	37	43.28
scaffold_451	18.5965	2984	0.3623	100.0000	2984	189	165	0.3595	18	4.90
scaffold_452	28.1954	2979	0.4371	100.0000	2979	435	401	0.4425	27	6.31
scaffold_453	61.9778	2968	0.6361	100.0000	2968	918	901	0.6472	62	28.18
scaffold_454	33.1887	2968	0.3646	100.0000	2968	473	502	0.3720	32	13.22
scaffold_455	94.7556	2934	0.4686	100.0000	2934	1336	1437	0.5239	42	163.01
scaffold_456	5429.7215	2908	0.5423	100.0000	2908	78167	79038	0.5773	5110	2231.71
scaffold_457	65.0031	2908	0.4453	100.0000	2908	953	921	0.4353	42	64.22
scaffold_458	101.4847	2903	0.5308	100.0000	2903	1422	1356	0.5371	95	32.51
scaffold_459	271.3828	2902	0.4266	100.0000	2902	3372	3790	0.4978	30	635.44
scaffold_460	65.2640	2871	0.4431	100.0000	2871	911	945	0.4482	45	42.05
scaffold_461	46.1219	2862	0.4542	100.0000	2862	579	569	0.4557	45	14.57
scaffold_462	745.1916	2849	0.3219	100.0000	2849	10386	10771	0.3274	795	238.03
scaffold_463	52.2608	2834	0.4118	100.0000	2834	752	714	0.4605	27	77.02
scaffold_464	54.5054	2770	0.4715	100.0000	2770	752	745	0.4921	47	21.31
scaffold_465	260.6004	2755	0.4733	100.0000	2755	3591	3479	0.4927	211	172.98
scaffold_466	205.5790	2710	0.4989	100.0000	2710	2746	2770	0.4867	190	114.81
scaffold_467	185.0325	2681	0.4524	100.0000	2681	2447	2466	0.4430	171	130.23
scaffold_468	52.2244	2647	0.4069	100.0000	2647	662	698	0.4013	48	22.17
scaffold_469	94.2080	2639	0.4464	100.0000	2639	1237	1226	0.4474	47	79.18
scaffold_470	786.9477	2598	0.6212	100.0000	2598	10140	10157	0.6315	798	206.20
scaffold_471	21.2246	2591	0.3535	100.0000	2591	241	308	0.3670	18	8.87
scaffold_472	45.9014	2567	0.4542	100.0000	2567	562	606	0.4616	37	26.96
scaffold_473	93.4355	2560	0.4063	100.0000	2560	1207	1172	0.3940	98	23.64
scaffold_474	88.1317	2537	0.5432	100.0000	2537	1194	1160	0.5827	57	127.10
scaffold_475	21.3916	2536	0.3340	100.0000	2536	272	254	0.3465	21	6.17
scaffold_476	509.1941	2519	0.3644	100.0000	2519	6033	6055	0.3600	397	433.80
scaffold_477	168.4651	2518	0.4678	100.0000	2518	2152	2034	0.4704	170	52.38
scaffold_478	71.5159	2514	0.5143	100.0000	2514	915	870	0.5308	64	32.67
scaffold_479	116.8225	2513	0.4294	100.0000	2513	1442	1467	0.4284	109	51.61
scaffold_480	41.6829	2510	0.4677	100.0000	2510	504	527	0.4980	33	27.92
scaffold_481	24.3287	2507	0.4132	99.6809	2499	308	296	0.4208	24	8.42
scaffold_482	55.3517	2499	0.5346	100.0000	2499	716	668	0.5348	51	25.16
scaffold_483	239.6487	2485	0.4495	100.0000	2485	2818	3072	0.5081	35	347.52
scaffold_484	49.1735	2479	0.5325	100.0000	2479	612	595	0.5470	47	15.03
scaffold_485	109.9027	2478	0.4007	100.0000	2478	1376	1319	0.4138	95	73.92
scaffold_486	282.1206	2471	0.3598	100.0000	2471	3462	3450	0.4425	56	336.46
scaffold_487	340.4306	2369	0.4652	100.0000	2369	3863	4076	0.4772	362	163.42
scaffold_488	101.3597	2349	0.5002	100.0000	2349	1173	1207	0.5113	92	27.69
scaffold_489	339.9346	2341	0.4494	100.0000	2341	4124	3749	0.4467	362	128.59
scaffold_490	74.4013	2340	0.5004	100.0000	2340	857	857	0.5301	70	36.50
scaffold_491	53.0723	2323	0.5149	100.0000	2323	620	602	0.5284	49	20.20
scaffold_492	15.1726	2312	0.3715	100.0000	2312	192	163	0.3807	15	5.95
scaffold_493	436.2398	2306	0.4753	100.0000	2306	5030	4986	0.4666	423	90.74
scaffold_494	37.6925	2299	0.4941	100.0000	2299	423	440	0.5003	35	10.12
scaffold_495	59.6624	2281	0.6015	100.0000	2281	690	661	0.6165	56	24.84
scaffold_496	42.1064	2274	0.4310	100.0000	2274	485	464	0.4394	39	16.99
scaffold_497	38.4239	2272	0.3917	100.0000	2272	421	436	0.4031	32	19.52
scaffold_498	201.7021	2269	0.3896	100.0000	2269	2248	2286	0.4279	157	141.49
scaffold_499	392.0569	2267	0.4755	100.0000	2267	4417	4331	0.4618	412	88.02
scaffold_500	334.8103	2267	0.4160	100.0000	2267	3772	3741	0.4047	364	124.60
scaffold_501	57.7041	2261	0.4352	100.0000	2261	682	611	0.4395	59	20.30
scaffold_502	45.0756	2250	0.3484	100.0000	2250	393	407	0.3540	43	11.35
scaffold_503	94.1307	2211	0.4984	100.0000	2211	979	1076	0.5182	68	98.00
scaffold_504	342.7296	2197	0.5198	100.0000	2197	3802	3683	0.4835	243	272.64
scaffold_505	123.2386	2196	0.5414	100.0000	2196	1378	1332	0.5535	121	42.37
scaffold_506	70.1863	2163	0.4771	100.0000	2163	632	620	0.4939	68	24.20
scaffold_507	1416.8830	2153	0.3028	100.0000	2153	10407	11000	0.3151	1860	604.49
scaffold_508	274.2843	2135	0.5016	100.0000	2135	2919	2906	0.5123	253	82.30
scaffold_509	455.4069	2131	0.4988	100.0000	2131	4775	4844	0.4982	425	123.96
scaffold_510	316.8680	2129	0.4570	100.0000	2129	3333	3347	0.4763	47	348.75
scaffold_511	48.8294	2128	0.4789	100.0000	2128	499	528	0.4885	47	16.39
scaffold_512	127.4313	2126	0.4751	100.0000	2126	1203	1215	0.4957	119	41.42
scaffold_513	377.6324	2092	0.4871	100.0000	2092	3878	3971	0.4950	347	138.56
scaffold_514	108.5533	2091	0.3611	100.0000	2091	1056	1167	0.3951	29	152.97
scaffold_515	50.3472	2088	0.4698	100.0000	2088	537	511	0.4932	45	15.91
scaffold_516	79.1849	2066	0.6379	99.9032	2064	819	801	0.6375	83	23.84
scaffold_517	23.0537	2030	0.3320	100.0000	2030	240	223	0.3301	22	10.04
scaffold_518	176.3548	2021	0.5992	100.0000	2021	1763	1803	0.6057	179	40.27
scaffold_519	64.9333	2009	0.4619	100.0000	2009	657	638	0.4433	46	65.96
scaffold_520	122.9515	2002	0.5500	100.0000	2002	1238	1226	0.5564	114	29.02
scaffold_521	44.6836	1991	0.3827	100.0000	1991	410	405	0.3833	43	13.78
scaffold_522	459.2211	1990	0.5281	100.0000	1990	4469	4615	0.5231	409	252.69
scaffold_523	52.6758	1980	0.4763	100.0000	1980	496	548	0.4912	32	70.62
scaffold_524	1388.3445	1977	0.3222	100.0000	1977	14336	13466	0.3038	999	877.54
scaffold_525	170.2420	1971	0.4455	100.0000	1971	1702	1491	0.4342	146	127.42
scaffold_526	87.1736	1958	0.4612	100.0000	1958	879	812	0.4679	77	42.04
scaffold_527	465.3721	1951	0.5279	100.0000	1951	4444	4541	0.5397	456	235.35
scaffold_528	115.4439	1935	0.5307	100.0000	1935	1070	1149	0.5451	99	44.82
scaffold_529	54.6210	1934	0.4550	100.0000	1934	526	519	0.4728	51	15.96
scaffold_530	36.7635	1924	0.4449	100.0000	1924	352	351	0.4500	36	13.68
scaffold_531	37.0052	1917	0.4622	100.0000	1917	345	360	0.4681	37	9.39
scaffold_532	50.2559	1907	0.4274	100.0000	1907	473	478	0.4315	49	22.37
scaffold_533	32.1459	1905	0.3701	100.0000	1905	303	305	0.3673	33	8.17
scaffold_534	183.0310	1904	0.4538	100.0000	1904	1729	1718	0.4461	194	88.75
scaffold_535	59.8547	1892	0.4693	100.0000	1892	587	535	0.4633	48	41.05
scaffold_536	81.4354	1890	0.4963	100.0000	1890	762	768	0.4923	75	24.09
scaffold_537	42.7580	1884	0.4729	100.0000	1884	408	388	0.4747	34	21.86
scaffold_538	73.6508	1870	0.4604	100.0000	1870	617	752	0.4535	42	87.19
scaffold_539	852.8437	1868	0.3041	100.0000	1868	7997	7912	0.3098	885	131.12
scaffold_540	184.0921	1867	0.5244	100.0000	1867	1706	1662	0.5451	154	138.70
scaffold_541	136.8344	1866	0.5472	100.0000	1866	1240	1282	0.5549	127	34.81
scaffold_542	392.2009	1862	0.4919	100.0000	1862	3656	3613	0.5731	200	381.93
scaffold_543	106.7028	1861	0.5304	100.0000	1861	984	990	0.5363	106	24.12
scaffold_544	127.6512	1858	0.4634	100.0000	1858	1134	1100	0.4598	127	36.39
scaffold_545	55.0749	1856	0.4817	100.0000	1856	536	480	0.4856	53	16.20
scaffold_546	56.2635	1856	0.4898	100.0000	1856	476	559	0.5035	48	26.40
scaffold_547	59.2425	1843	0.4921	100.0000	1843	544	541	0.5078	59	21.94
scaffold_548	69.4418	1838	0.4679	100.0000	1838	650	628	0.4748	62	28.22
scaffold_549	33.2350	1838	0.4483	99.5647	1830	303	302	0.4606	31	14.08
scaffold_550	235.8674	1833	0.4255	100.0000	1833	2272	2037	0.4229	211	136.31
scaffold_551	349.0526	1826	0.4666	100.0000	1826	3135	3195	0.4635	337	184.29
scaffold_552	2526.2750	1822	0.3167	100.0000	1822	15757	15245	0.3337	2176	930.86
scaffold_553	1023.5691	1817	0.2774	100.0000	1817	9340	9499	0.2821	1001	170.65
scaffold_554	113.2454	1801	0.4581	100.0000	1801	1017	1004	0.4481	109	49.64
scaffold_555	320.3012	1776	0.5107	100.0000	1776	2814	2852	0.5207	297	97.39
scaffold_556	68.6466	1774	0.4763	100.0000	1774	563	644	0.4860	66	30.26
scaffold_557	78.2685	1758	0.3652	100.0000	1758	689	667	0.3616	64	41.74
scaffold_558	5222.1660	1753	0.5431	100.0000	1753	45341	46386	0.5661	5494	1686.93
scaffold_559	130.0148	1751	0.4786	100.0000	1751	1148	1109	0.4972	100	111.85
scaffold_560	484.6576	1732	0.5370	100.0000	1732	4168	4146	0.5463	475	193.06
scaffold_561	118.7269	1728	0.5428	100.0000	1728	1025	1037	0.5520	118	28.34
scaffold_562	386.4231	1711	0.4781	100.0000	1711	3247	3329	0.4699	381	206.18
scaffold_563	103.8768	1696	0.4428	100.0000	1696	899	855	0.4705	85	48.49
scaffold_564	496.2299	1688	0.5249	100.0000	1688	4018	4257	0.5198	537	348.92
scaffold_565	455.4489	1684	0.4584	100.0000	1684	3336	4028	0.4939	88	691.64
scaffold_566	309.1163	1676	0.4863	100.0000	1676	2535	2635	0.4924	284	101.57
scaffold_567	80.7743	1675	0.4651	100.0000	1675	682	658	0.4706	60	48.65
scaffold_568	57.7727	1672	0.4246	100.0000	1672	485	475	0.4487	38	48.76
scaffold_569	1861.2845	1666	0.2971	100.0000	1666	15339	15726	0.2937	2181	756.42
scaffold_570	87.9584	1659	0.4720	100.0000	1659	744	706	0.5022	75	41.42
scaffold_571	81.0217	1658	0.4035	100.0000	1658	661	667	0.3913	88	33.92
scaffold_572	157.3305	1643	0.4845	100.0000	1643	1288	1271	0.4590	153	85.17
scaffold_573	82.8638	1630	0.5190	100.0000	1630	667	683	0.5240	79	18.65
scaffold_574	175.3243	1616	0.5248	100.0000	1616	1419	1432	0.5261	176	38.69
scaffold_575	129.6399	1616	0.4734	100.0000	1616	1022	1049	0.4541	138	60.97
scaffold_576	89.1190	1613	0.4259	100.0000	1613	691	753	0.4349	77	37.72
scaffold_577	224.2256	1596	0.4944	100.0000	1596	1759	1786	0.4799	222	75.16
scaffold_578	339.0226	1595	0.4414	100.0000	1595	2653	2699	0.4361	347	123.80
scaffold_579	158.2904	1591	0.4488	100.0000	1591	1288	1165	0.4450	162	68.15
scaffold_580	823.6545	1589	0.3398	100.0000	1589	6600	6532	0.3532	779	188.16
scaffold_581	214.1629	1584	0.4672	100.0000	1584	1803	1622	0.4779	146	172.76
scaffold_582	679.1327	1582	0.4804	100.0000	1582	5402	5329	0.5187	477	363.17
scaffold_583	886.1879	1575	0.3219	100.0000	1575	6893	7079	0.3225	903	115.62
scaffold_584	245.0962	1569	0.4512	100.0000	1569	1807	1782	0.5029	45	391.73
scaffold_585	108.9337	1568	0.4541	100.0000	1568	833	856	0.4654	126	69.90
scaffold_586	65.3695	1548	0.4302	100.0000	1548	496	508	0.4369	63	17.84
scaffold_587	61.5323	1546	0.4127	100.0000	1546	492	450	0.4143	59	28.38
scaffold_588	54.9377	1540	0.4351	100.0000	1540	432	404	0.4486	49	23.68
scaffold_589	48.1041	1527	0.4499	100.0000	1527	362	371	0.4707	51	15.30
scaffold_590	384.9009	1523	0.4793	100.0000	1523	2943	2867	0.4556	394	117.04
scaffold_591	103.5099	1514	0.5231	100.0000	1514	784	808	0.5414	83	53.47
scaffold_592	21.3993	1510	0.3417	100.0000	1510	161	160	0.3509	20	8.07
scaffold_593	200.6487	1506	0.4748	100.0000	1506	1410	1584	0.4846	147	136.56
scaffold_594	66.2246	1505	0.4585	100.0000	1505	507	481	0.4921	54	43.52
scaffold_595	45.7701	1496	0.3789	100.0000	1496	332	353	0.3728	49	23.74
scaffold_596	89.2355	1495	0.4669	100.0000	1495	698	624	0.5002	76	48.38
scaffold_597	181.2180	1491	0.4675	100.0000	1491	1388	1284	0.4771	181	96.02
scaffold_598	825.8161	1490	0.2980	100.0000	1490	6185	6119	0.2983	828	153.24
scaffold_599	151.9268	1490	0.4483	100.0000	1490	1064	1179	0.4393	157	49.99
scaffold_600	47.9063	1484	0.4980	100.0000	1484	361	345	0.5050	43	15.40
scaffold_601	71.9078	1475	0.4475	100.0000	1475	538	514	0.4391	69	26.32
scaffold_602	448.1671	1472	0.5054	100.0000	1472	3260	3327	0.5122	416	138.50
scaffold_603	394.7604	1469	0.4520	100.0000	1469	2861	2817	0.4513	405	107.64
scaffold_604	985.5379	1463	0.5338	100.0000	1463	6527	7519	0.5182	523	1012.70
scaffold_605	49.2793	1461	0.3730	100.0000	1461	361	352	0.3734	42	23.07
scaffold_606	112.9787	1456	0.3839	100.0000	1456	862	766	0.3975	94	70.78
scaffold_607	56.7785	1449	0.4369	100.0000	1449	391	419	0.4223	53	23.96
scaffold_608	33.1292	1447	0.3822	100.0000	1447	246	230	0.3826	33	9.95
scaffold_609	92.8573	1430	0.5049	100.0000	1430	676	655	0.5205	81	34.21
scaffold_610	416.3036	1426	0.4656	100.0000	1426	2980	2936	0.4429	433	81.25
scaffold_611	79.7495	1421	0.4166	100.0000	1421	547	546	0.5039	35	116.63
scaffold_612	74.9717	1414	0.5095	100.0000	1414	512	475	0.5175	81	17.37
scaffold_613	26.4837	1412	0.4738	100.0000	1412	191	180	0.4796	27	5.77
scaffold_614	147.7223	1408	0.5241	100.0000	1408	1054	1016	0.5392	126	60.61
scaffold_615	428.7855	1408	0.4375	100.0000	1408	2884	3098	0.4412	461	115.92
scaffold_616	68.4031	1404	0.4224	100.0000	1404	442	467	0.4299	45	46.31
scaffold_617	307.7195	1401	0.4454	100.0000	1401	2137	2132	0.4352	350	96.26
scaffold_618	283.2011	1397	0.4760	100.0000	1397	1777	2111	0.4749	299	157.46
scaffold_619	57.4656	1381	0.4750	100.0000	1381	398	400	0.4735	59	8.68
scaffold_620	38.8007	1350	0.4511	100.0000	1350	271	251	0.4552	39	8.50
scaffold_621	65.3120	1346	0.5565	100.0000	1346	439	439	0.5594	59	28.66
scaffold_622	106.3440	1343	0.5071	100.0000	1343	719	727	0.5114	104	15.30
scaffold_623	146.9126	1339	0.5474	100.0000	1339	996	978	0.5608	151	41.84
scaffold_624	50.8404	1335	0.4509	100.0000	1335	326	347	0.4614	38	32.87
scaffold_625	89.8541	1330	0.4496	100.0000	1330	617	568	0.4360	93	29.99
scaffold_626	111.9947	1326	0.5520	100.0000	1326	725	771	0.5635	97	41.06
scaffold_627	187.5170	1325	0.5011	100.0000	1325	1232	1265	0.5167	205	99.23
scaffold_628	440.4219	1318	0.5273	100.0000	1318	2895	2850	0.5178	432	294.04
scaffold_629	204.8443	1310	0.3481	100.0000	1310	1344	1325	0.4484	56	295.15
scaffold_630	971.6702	1307	0.2930	100.0000	1307	6257	6531	0.2775	820	463.08
scaffold_631	8.2890	1294	0.6399	100.0000	1294	50	53	0.6352	8	3.98
scaffold_632	64.0132	1287	0.4141	100.0000	1287	429	390	0.4143	57	29.44
scaffold_633	34.5531	1280	0.4711	100.0000	1280	215	223	0.4716	33	11.74
scaffold_634	30.2294	1277	0.4283	100.0000	1277	198	188	0.4306	31	4.95
scaffold_635	202.6871	1275	0.4557	100.0000	1275	1408	1168	0.4453	211	75.46
scaffold_636	2131.5252	1272	0.3239	100.0000	1272	12015	12268	0.3226	1968	718.55
scaffold_637	312.9670	1271	0.4894	100.0000	1271	1905	2029	0.4695	345	165.63
scaffold_638	37.5859	1263	0.4323	100.0000	1263	239	232	0.4355	40	9.72
scaffold_639	69.7441	1262	0.4929	100.0000	1262	442	438	0.4939	71	13.12
scaffold_640	81.4033	1257	0.4248	100.0000	1257	502	514	0.4149	70	38.43
scaffold_641	163.3139	1249	0.5677	100.0000	1249	987	1039	0.5923	137	80.16
scaffold_642	40.1621	1246	0.4543	100.0000	1246	241	256	0.4594	40	10.19
scaffold_643	233.3606	1245	0.4643	100.0000	1245	1461	1432	0.4625	245	57.09
scaffold_644	50.8758	1240	0.4315	100.0000	1240	337	290	0.4313	49	21.90
scaffold_645	32.2195	1239	0.4415	100.0000	1239	188	208	0.4399	32	8.27
scaffold_646	60.3314	1237	0.4018	100.0000	1237	374	367	0.4099	51	38.90
scaffold_647	200.9992	1235	0.4534	100.0000	1235	1045	1117	0.4365	191	59.88
scaffold_648	23.7391	1234	0.3298	100.0000	1234	147	143	0.3295	22	7.66
scaffold_649	161.4442	1227	0.4059	100.0000	1227	1014	955	0.4045	166	85.62
scaffold_650	14.9344	1220	0.3033	100.0000	1220	94	88	0.3067	15	4.56
scaffold_651	436.4454	1217	0.4692	100.0000	1217	2727	2547	0.4709	422	211.21
scaffold_652	103.0882	1213	0.5334	100.0000	1213	630	623	0.5361	101	23.86
scaffold_653	40.2785	1203	0.3516	100.0000	1203	220	264	0.3579	40	12.00
scaffold_654	141.3577	1202	0.4692	100.0000	1202	893	799	0.4566	141	65.65
scaffold_655	60.4058	1200	0.4942	100.0000	1200	367	360	0.5203	50	30.50
scaffold_656	113.4883	1194	0.5101	100.0000	1194	592	630	0.5676	59	165.43
scaffold_657	56.3244	1190	0.4059	100.0000	1190	337	331	0.3958	51	23.16
scaffold_658	134.8721	1188	0.5227	100.0000	1188	810	780	0.5141	114	87.51
scaffold_659	96.8552	1188	0.4958	100.0000	1188	562	575	0.4886	86	65.13
scaffold_660	189.1129	1187	0.4735	100.0000	1187	1073	1157	0.4577	202	43.50
scaffold_661	59.3783	1187	0.4280	100.0000	1187	351	353	0.4214	57	19.30
scaffold_662	276.6379	1182	0.4484	100.0000	1182	1700	1538	0.4560	307	93.97
scaffold_663	23.1495	1177	0.3976	100.0000	1177	133	138	0.4062	26	6.79
scaffold_664	89.2466	1172	0.4565	100.0000	1172	515	526	0.4618	98	28.70
scaffold_665	24.7045	1171	0.3826	100.0000	1171	146	140	0.3914	25	8.04
scaffold_666	935.0455	1164	0.2869	100.0000	1164	5604	5376	0.2889	953	148.27
scaffold_667	30.7715	1151	0.4309	100.0000	1151	173	181	0.4379	31	6.77
scaffold_668	61.3540	1147	0.4778	100.0000	1147	367	332	0.4956	62	27.81
scaffold_669	67.7871	1132	0.4797	100.0000	1132	376	384	0.4801	67	30.07
scaffold_670	117.1036	1110	0.5477	100.0000	1110	672	643	0.5491	118	32.24
scaffold_671	398.2204	1107	0.4499	100.0000	1107	2155	2238	0.4571	386	105.65
scaffold_672	515.6159	1104	0.4339	100.0000	1104	2671	3004	0.5034	312	553.03
scaffold_673	65.5388	1095	0.4904	100.0000	1095	360	356	0.4909	61	22.06
scaffold_674	1095.4840	1093	0.3147	100.0000	1093	6103	6275	0.3016	953	514.50
scaffold_675	36.1603	1092	0.4176	100.0000	1092	194	168	0.4232	35	10.22
scaffold_676	46.0360	1083	0.5171	100.0000	1083	260	237	0.5173	47	11.78
scaffold_677	78.5823	1082	0.4510	100.0000	1082	396	447	0.4578	91	31.81
scaffold_678	121.2596	1071	0.4921	100.0000	1071	646	642	0.4873	104	76.07
scaffold_679	50.9532	1068	0.4148	100.0000	1068	260	280	0.4151	52	13.59
scaffold_680	249.2154	1063	0.4233	100.0000	1063	1346	1278	0.4475	230	123.57
scaffold_681	86.6648	1059	0.4542	100.0000	1059	443	466	0.4510	71	42.15
scaffold_682	37.1447	1057	0.4503	100.0000	1057	197	200	0.4610	35	9.20
scaffold_683	104.2398	1051	0.4995	100.0000	1051	532	560	0.5010	108	19.48
scaffold_684	81.0695	1050	0.4962	100.0000	1050	434	427	0.5069	76	20.13
scaffold_685	35.1724	1044	0.5010	100.0000	1044	188	177	0.5130	36	12.30
scaffold_686	32.0864	1042	0.5969	100.0000	1042	158	173	0.6005	34	11.80
scaffold_687	43.1011	1039	0.4803	100.0000	1039	222	223	0.4826	45	12.04
scaffold_688	4.0867	1038	0.6763	100.0000	1038	20	22	0.6721	3	1.85
scaffold_689	58.0714	1037	0.4667	100.0000	1037	285	318	0.4902	43	42.86
scaffold_690	180.0347	1036	0.6052	100.0000	1036	944	919	0.6117	180	38.52
scaffold_691	72.0863	1031	0.3395	100.0000	1031	389	356	0.3268	76	14.29
scaffold_692	506.1693	1028	0.5340	100.0000	1028	2448	2731	0.5504	435	359.60
scaffold_693	834.7359	1026	0.2758	100.0000	1026	4275	4360	0.2807	864	130.20
scaffold_694	284.8743	1026	0.5127	100.0000	1026	1484	1419	0.5183	308	121.41
scaffold_695	29.2956	1025	0.3980	100.0000	1025	133	159	0.4083	26	13.51
scaffold_696	360.8276	1021	0.4780	100.0000	1021	1782	1805	0.5418	334	212.58
scaffold_697	93.0088	1021	0.3937	100.0000	1021	462	476	0.4430	59	98.43
scaffold_698	124.5133	1017	0.4435	100.0000	1017	637	629	0.4457	98	93.76
scaffold_699	50.6190	1013	0.4274	100.0000	1013	247	264	0.4262	52	10.56
scaffold_700	41.7602	1009	0.4555	100.0000	1009	197	214	0.4863	37	30.10
scaffold_701	66.5591	1007	0.4796	100.0000	1007	307	368	0.4870	42	65.72
scaffold_702	77.7510	1004	0.4671	100.0000	1004	380	401	0.4583	71	22.13
