#ID	Avg_fold	Length	Ref_GC	Covered_percent	Covered_bases	Plus_reads	Minus_reads	Read_GC	Median_fold	Std_Dev
scaffold_1	47.9955	1267089	0.5115	100.0000	1267089	300430	300481	0.5149	48	9.04
scaffold_2	48.0332	1170175	0.5104	100.0000	1170175	277673	277637	0.5146	48	10.10
scaffold_3	47.6916	1010979	0.5093	100.0000	1010979	237521	237480	0.5130	47	9.35
scaffold_4	48.6087	1004487	0.5135	100.0000	1004487	240262	240301	0.5171	48	9.46
scaffold_5	48.1204	899927	0.5101	100.0000	899927	213337	213469	0.5142	48	9.38
scaffold_6	47.4372	865517	0.5080	100.0000	865517	202723	202667	0.5115	47	9.11
scaffold_7	48.0564	847697	0.5092	100.0000	847697	200885	200859	0.5140	48	10.40
scaffold_8	48.5788	787375	0.5105	100.0000	787375	188610	188814	0.5162	47	43.78
scaffold_9	47.8382	739852	0.5111	100.0000	739852	173781	173812	0.5143	47	8.99
scaffold_10	47.0564	684362	0.5111	100.0000	684362	159003	158913	0.5144	47	9.09
scaffold_11	50.3498	647136	0.5143	100.0000	647136	161007	161015	0.5176	48	16.78
scaffold_12	47.2692	643268	0.5095	100.0000	643268	150339	150374	0.5128	47	9.35
scaffold_13	48.3372	632682	0.5129	100.0000	632682	150812	150793	0.5162	48	9.19
scaffold_14	48.2494	627827	0.5120	100.0000	627827	149716	149700	0.5157	48	9.72
scaffold_15	48.5929	598727	0.5118	100.0000	598727	142796	142830	0.5153	48	9.39
scaffold_16	48.3539	583114	0.5093	100.0000	583114	139255	139200	0.5138	48	9.85
scaffold_17	48.2416	575549	0.5098	100.0000	575549	136989	136945	0.5138	48	9.36
scaffold_18	47.0219	553202	0.5096	100.0000	553202	128046	127999	0.5134	47	9.25
scaffold_19	46.9309	530416	0.5087	100.0000	530416	123041	123085	0.5120	47	8.95
scaffold_20	50.1521	515137	0.5071	100.0000	515137	123871	124022	0.5123	48	29.49
scaffold_21	48.4106	470569	0.5112	100.0000	470569	112188	112197	0.5148	48	9.27
scaffold_22	47.7963	469590	0.5105	100.0000	469590	110837	110806	0.5159	47	9.61
scaffold_23	46.6103	442950	0.4968	100.0000	442950	101266	101310	0.5060	46	17.61
scaffold_24	48.1093	437754	0.5131	100.0000	437754	104092	104103	0.5166	48	9.48
scaffold_25	48.1614	436661	0.5089	100.0000	436661	103845	103879	0.5136	48	9.75
scaffold_26	47.8435	425740	0.5097	100.0000	425740	100578	100639	0.5146	48	9.59
scaffold_27	46.9541	424277	0.5081	100.0000	424277	98481	98450	0.5120	47	9.36
scaffold_28	47.8525	423666	0.5120	100.0000	423666	100269	100240	0.5156	47	9.23
scaffold_29	48.2639	401055	0.5144	100.0000	401055	95624	95600	0.5178	48	9.31
scaffold_30	47.9785	390586	0.5103	100.0000	390586	92714	92664	0.5139	48	9.12
scaffold_31	47.4747	385794	0.5079	100.0000	385794	90567	90534	0.5118	47	9.35
scaffold_32	47.5571	377195	0.5072	99.9992	377192	88540	88573	0.5127	47	9.69
scaffold_33	47.8644	342793	0.5099	100.0000	342793	81146	81141	0.5137	47	9.36
scaffold_34	47.5162	337723	0.5062	100.0000	337723	78623	78671	0.5102	47	10.70
scaffold_35	44.4685	333052	0.4924	100.0000	333052	73234	73232	0.5014	45	10.39
scaffold_36	47.4271	277165	0.5101	100.0000	277165	64704	64760	0.5135	47	9.29
scaffold_37	47.8640	268605	0.5106	100.0000	268605	63312	63341	0.5137	47	9.13
scaffold_38	48.6351	267659	0.5125	100.0000	267659	63997	64051	0.5158	48	9.29
scaffold_39	48.5518	264813	0.5133	100.0000	264813	63555	63567	0.5163	48	9.03
scaffold_40	48.2006	261146	0.5092	100.0000	261146	61810	61749	0.5145	47	21.71
scaffold_41	47.3391	255975	0.5100	100.0000	255975	59805	59863	0.5142	47	9.40
scaffold_42	47.7052	248623	0.5120	100.0000	248623	58510	58516	0.5157	47	9.27
scaffold_43	47.6585	243314	0.5095	100.0000	243314	57267	57243	0.5136	47	9.24
scaffold_44	47.8974	242766	0.5108	100.0000	242766	57560	57497	0.5141	48	9.03
scaffold_45	45.1173	223368	0.4983	100.0000	223368	49825	49898	0.5072	45	10.64
scaffold_46	48.2751	214446	0.5110	100.0000	214446	51230	51176	0.5150	48	9.47
scaffold_47	46.9233	209671	0.5059	100.0000	209671	48694	48671	0.5134	47	9.96
scaffold_48	47.8062	207837	0.5099	100.0000	207837	48873	48867	0.5132	48	8.69
scaffold_49	46.1491	199095	0.5005	100.0000	199095	45207	45192	0.5057	45	10.02
scaffold_50	48.4438	186759	0.5088	100.0000	186759	44691	44670	0.5127	48	9.72
scaffold_51	47.1287	184887	0.5075	100.0000	184887	43127	43093	0.5131	47	9.42
scaffold_52	49.2990	181026	0.5148	100.0000	181026	44150	44144	0.5191	49	9.73
scaffold_53	46.7818	172369	0.5096	100.0000	172369	39872	39874	0.5152	47	9.78
scaffold_54	48.0139	171946	0.5083	100.0000	171946	40839	40873	0.5117	47	9.00
scaffold_55	47.2979	168487	0.5065	100.0000	168487	39343	39440	0.5116	47	9.82
scaffold_56	47.4640	163589	0.5041	100.0000	163589	38155	38166	0.5133	48	10.56
scaffold_57	48.0908	148380	0.5125	100.0000	148380	35197	35205	0.5158	48	8.96
scaffold_58	47.6845	145880	0.5095	100.0000	145880	34397	34426	0.5132	47	9.46
scaffold_59	46.9679	144838	0.5070	100.0000	144838	33634	33620	0.5119	47	9.60
scaffold_60	48.4179	140750	0.5163	100.0000	140750	33730	33664	0.5195	48	8.81
scaffold_61	47.8895	139783	0.5074	100.0000	139783	33148	32978	0.5101	45	30.54
scaffold_62	48.1967	132439	0.5101	100.0000	132439	31407	31408	0.5138	48	9.26
scaffold_63	48.3280	123877	0.5127	100.0000	123877	29591	29593	0.5164	48	10.03
scaffold_64	48.8489	117171	0.5119	100.0000	117171	28295	28312	0.5180	48	9.93
scaffold_65	48.0675	113157	0.5102	100.0000	113157	26663	26628	0.5148	48	9.63
scaffold_66	47.0594	101403	0.5144	100.0000	101403	23575	23652	0.5186	46	9.43
scaffold_67	47.2617	97251	0.5072	100.0000	97251	22666	22671	0.5122	47	9.02
scaffold_68	46.7766	95287	0.5124	100.0000	95287	22073	22031	0.5160	46	9.87
scaffold_69	46.4938	91068	0.5011	100.0000	91068	20831	20859	0.5068	46	9.71
scaffold_70	47.6214	87100	0.5099	100.0000	87100	20538	20522	0.5129	47	9.64
scaffold_71	47.0261	86848	0.5088	100.0000	86848	20158	20156	0.5123	46	9.13
scaffold_72	47.5567	76233	0.5030	100.0000	76233	17899	17909	0.5101	48	10.06
scaffold_73	48.5283	75740	0.5116	100.0000	75740	18013	17986	0.5154	48	9.47
scaffold_74	48.7836	75120	0.5145	100.0000	75120	18108	18163	0.5180	48	8.92
scaffold_75	48.3207	70206	0.5142	100.0000	70206	16762	16789	0.5173	48	9.11
scaffold_76	48.8982	69013	0.5075	100.0000	69013	16588	16592	0.5137	47	17.55
scaffold_77	39.9735	64903	0.4460	100.0000	64903	12820	12849	0.4687	40	12.58
scaffold_78	47.5160	63938	0.5095	100.0000	63938	15028	15036	0.5138	47	9.39
scaffold_79	48.1991	62796	0.5157	100.0000	62796	14975	14993	0.5187	48	9.15
scaffold_80	46.0410	62508	0.4928	100.0000	62508	14199	14172	0.4976	45	11.72
scaffold_81	50.7021	61451	0.5069	100.0000	61451	15417	15426	0.5121	47	17.74
scaffold_82	47.2793	57155	0.5077	100.0000	57155	13321	13350	0.5117	46	9.93
scaffold_83	47.6140	56021	0.5053	100.0000	56021	13188	13217	0.5105	47	10.25
scaffold_84	46.4773	55614	0.5084	100.0000	55614	12729	12777	0.5124	46	8.98
scaffold_85	46.8430	54409	0.5104	100.0000	54409	12646	12578	0.5137	47	9.24
scaffold_86	45.6814	54387	0.5035	100.0000	54387	12303	12287	0.5078	45	9.50
scaffold_87	47.8601	50645	0.5062	100.0000	50645	11988	12001	0.5104	47	9.27
scaffold_88	45.1682	47157	0.4885	100.0000	47157	10529	10552	0.4997	46	10.55
scaffold_89	44.7214	45395	0.4939	100.0000	45395	10053	10041	0.5065	45	10.72
scaffold_90	47.9106	43444	0.5148	100.0000	43444	10309	10287	0.5193	48	10.08
scaffold_91	44.2944	38394	0.4921	100.0000	38394	8417	8414	0.4961	44	9.22
scaffold_92	40.3766	36990	0.4435	100.0000	36990	7401	7392	0.4784	43	14.49
scaffold_93	44.3072	35616	0.4938	100.0000	35616	7823	7794	0.5017	44	9.61
scaffold_94	50.6287	35199	0.4856	100.0000	35199	8829	8792	0.4866	42	51.53
scaffold_95	45.9950	34707	0.4951	100.0000	34707	7919	7879	0.5046	45	15.87
scaffold_96	45.1513	32367	0.4862	100.0000	32367	7218	7248	0.4959	45	10.99
scaffold_97	35.1020	32258	0.4227	100.0000	32258	5624	5585	0.4294	34	11.50
scaffold_98	45.3018	31896	0.4970	100.0000	31896	7159	7151	0.5018	45	11.50
scaffold_99	44.1493	30320	0.4830	100.0000	30320	6626	6625	0.5010	45	12.40
scaffold_100	42.5575	28050	0.4886	100.0000	28050	5905	5916	0.4918	42	8.94
scaffold_101	44.8308	21284	0.4995	100.0000	21284	4734	4723	0.5043	44	9.57
scaffold_102	58.3067	20581	0.4995	100.0000	20581	5924	5953	0.5016	49	23.36
scaffold_103	46.6692	20148	0.5077	100.0000	20148	4601	4607	0.5108	46	9.42
scaffold_104	52.9615	18020	0.5156	100.0000	18020	4646	4793	0.5209	47	62.16
scaffold_105	45.1153	15954	0.4940	100.0000	15954	3550	3552	0.4981	45	9.84
scaffold_106	24.3597	15735	0.3585	100.0000	15735	1890	1906	0.4050	26	12.89
scaffold_107	12.9796	15369	0.2316	100.0000	15369	952	966	0.2393	13	5.12
scaffold_108	46.4064	14629	0.5151	100.0000	14629	3362	3366	0.5197	46	8.42
scaffold_109	58.5423	13281	0.4820	100.0000	13281	3857	3844	0.4880	51	22.40
scaffold_110	45.5377	13010	0.4981	100.0000	13010	2932	2933	0.5011	45	9.32
scaffold_111	51.2721	12424	0.5060	100.0000	12424	3147	3168	0.5092	50	11.08
scaffold_112	74.5482	12200	0.5040	100.0000	12200	4456	4537	0.5128	47	151.96
scaffold_113	49.1035	12086	0.4913	100.0000	12086	2929	2942	0.4961	46	17.09
scaffold_114	44.9287	11417	0.5025	100.0000	11417	2545	2535	0.5067	45	9.68
scaffold_115	43.8471	11341	0.5059	100.0000	11341	2466	2458	0.5104	44	9.04
scaffold_116	45.4664	11282	0.4760	100.0000	11282	2550	2537	0.4780	45	9.58
scaffold_117	47.7867	11161	0.5140	100.0000	11161	2623	2657	0.5186	48	8.56
scaffold_118	94.8686	11006	0.5184	100.0000	11006	5162	5186	0.5262	93	20.82
scaffold_119	47.0325	10527	0.5018	100.0000	10527	2449	2457	0.5042	46	11.74
scaffold_120	47.5866	10386	0.5186	100.0000	10386	2450	2444	0.5229	47	9.40
scaffold_121	97.3990	10278	0.2429	100.0000	10278	4933	4972	0.2538	103	27.64
scaffold_122	1695.4719	9775	0.5075	100.0000	9775	81838	81941	0.5134	1723	245.10
scaffold_123	40.7600	9517	0.4477	100.0000	9517	1911	1931	0.4552	41	9.40
scaffold_124	93.3796	8682	0.4881	100.0000	8682	3941	3951	0.4901	93	15.43
scaffold_125	40.2433	8275	0.4903	100.0000	8275	1659	1639	0.4957	40	9.10
scaffold_126	23.2616	8089	0.3055	100.0000	8089	947	917	0.3152	23	7.72
scaffold_127	50.0672	7973	0.5302	100.0000	7973	1973	1981	0.5332	51	9.41
scaffold_128	460.0270	7665	0.5603	100.0000	7665	17500	17529	0.5666	454	61.41
scaffold_129	101.7668	7482	0.5068	100.0000	7482	3766	3780	0.5106	95	26.79
scaffold_130	24.6420	7333	0.3702	100.0000	7333	915	872	0.3746	24	7.45
scaffold_131	31.6470	7287	0.3549	100.0000	7287	1140	1141	0.4277	27	16.33
scaffold_132	39.0125	7281	0.4671	100.0000	7281	1421	1391	0.4765	37	12.38
scaffold_133	43.6710	6712	0.4675	100.0000	6712	1445	1454	0.4821	45	10.25
scaffold_134	93.0805	6673	0.4951	100.0000	6673	3072	3085	0.5001	90	19.43
scaffold_135	87.2628	6118	0.4931	100.0000	6118	2648	2637	0.4946	87	14.50
scaffold_136	50.2090	6042	0.5013	100.0000	6042	1490	1520	0.5078	46	19.38
scaffold_137	120.8413	5810	0.2926	100.0000	5810	3435	3482	0.3060	125	31.15
scaffold_138	40.3040	5711	0.3910	100.0000	5711	1153	1083	0.4223	36	23.09
scaffold_139	19.3371	5646	0.2203	100.0000	5646	546	535	0.2391	18	9.41
scaffold_140	159.7732	5618	0.4108	100.0000	5618	4390	4519	0.4642	41	167.55
scaffold_141	131.2909	5613	0.2606	100.0000	5613	3654	3640	0.2832	134	41.78
scaffold_142	88.8891	5609	0.5010	100.0000	5609	2474	2471	0.5018	88	13.06
scaffold_143	46.1202	5424	0.5015	100.0000	5424	1240	1238	0.5075	45	11.36
scaffold_144	41.0223	5414	0.4826	100.0000	5414	1103	1096	0.4850	41	8.18
scaffold_145	47.5367	5400	0.5028	100.0000	5400	1270	1272	0.5065	48	9.34
scaffold_146	97.9440	5146	0.5041	100.0000	5146	2479	2542	0.5017	89	51.72
scaffold_147	45.5042	5010	0.5008	99.9601	5008	1136	1123	0.5032	45	8.86
scaffold_148	30.7730	4748	0.3305	100.0000	4748	722	733	0.3464	29	11.02
scaffold_149	38.7035	4574	0.4440	100.0000	4574	868	882	0.4533	38	10.85
scaffold_150	84.1956	4004	0.4808	100.0000	4004	1679	1662	0.4838	83	15.19
scaffold_151	44.0813	3985	0.5039	100.0000	3985	867	875	0.5079	43	9.62
scaffold_152	20.3144	3900	0.2477	100.0000	3900	388	396	0.2576	20	7.11
scaffold_153	85.2841	3847	0.4903	100.0000	3847	1623	1628	0.4932	84	17.33
scaffold_154	33.4263	3756	0.3970	100.0000	3756	625	623	0.3977	33	6.85
scaffold_155	43.0789	3649	0.4831	100.0000	3649	769	790	0.4864	44	10.75
scaffold_156	48.3865	3638	0.5080	100.0000	3638	875	873	0.5127	48	10.59
scaffold_157	210.6828	3351	0.5291	100.0000	3351	3500	3491	0.5310	213	34.74
scaffold_158	92.9797	3346	0.4952	100.0000	3346	1537	1545	0.4975	95	16.40
scaffold_159	42.3928	3338	0.2531	100.0000	3338	741	670	0.2915	45	19.73
scaffold_160	46.1332	3319	0.4944	100.0000	3319	758	766	0.4988	45	13.04
scaffold_161	47.6157	3190	0.5188	100.0000	3190	753	754	0.5241	48	9.65
scaffold_162	326.3364	2976	0.5118	100.0000	2976	4815	4810	0.5149	329	53.59
scaffold_163	32.5040	2964	0.3401	100.0000	2964	465	493	0.3443	31	10.58
scaffold_164	278.3920	2941	0.4532	100.0000	2941	4016	4086	0.4551	240	103.77
scaffold_165	90.0772	2939	0.4124	100.0000	2939	1290	1331	0.4148	86	26.95
scaffold_166	89.2161	2740	0.4821	100.0000	2740	1223	1202	0.4870	90	16.74
scaffold_167	12.3230	2715	0.2387	100.0000	2715	165	165	0.2513	12	4.79
scaffold_168	465.2552	2516	0.4968	100.0000	2516	5784	5886	0.4938	463	54.18
scaffold_169	114.3176	2459	0.2753	100.0000	2459	1438	1364	0.2939	131	42.40
scaffold_170	44.5839	2425	0.4800	100.0000	2425	535	536	0.4822	45	10.65
scaffold_171	53.7031	2358	0.5640	100.0000	2358	623	637	0.5691	54	11.36
scaffold_172	48.0734	2233	0.4783	100.0000	2233	513	565	0.4785	43	17.70
scaffold_173	47.1407	2231	0.5164	100.0000	2231	515	529	0.5223	47	10.57
scaffold_174	94.3680	2212	0.5298	100.0000	2212	1029	1045	0.5319	96	18.43
scaffold_175	17.1398	2161	0.2425	100.0000	2161	177	191	0.2437	16	4.98
scaffold_176	78.6328	2143	0.4918	100.0000	2143	842	835	0.4975	78	16.80
scaffold_177	47.4595	2122	0.5146	100.0000	2122	505	498	0.5106	49	9.32
scaffold_178	64.7050	2078	0.3874	100.0000	2078	673	667	0.3813	66	12.24
scaffold_179	99.7224	2046	0.5523	100.0000	2046	1001	1022	0.5551	103	20.46
scaffold_180	77.7587	2039	0.4934	100.0000	2039	778	796	0.4948	80	16.14
scaffold_181	272.4870	2004	0.3603	100.0000	2004	2536	2478	0.4179	255	293.77
scaffold_182	78.4428	1994	0.4784	100.0000	1994	769	790	0.4828	78	17.76
scaffold_183	13.4046	1955	0.2578	100.0000	1955	135	123	0.3035	14	7.03
scaffold_184	45.8442	1945	0.4823	100.0000	1945	443	445	0.4818	44	12.05
scaffold_185	25.8992	1894	0.2914	100.0000	1894	242	247	0.3026	24	7.41
scaffold_186	47.2659	1884	0.3286	100.0000	1884	437	446	0.3952	24	79.60
scaffold_187	486.6959	1881	0.4859	100.0000	1881	4564	4503	0.4934	427	175.07
scaffold_188	457.6518	1867	0.5699	100.0000	1867	4199	4290	0.5682	476	70.66
scaffold_189	46.2387	1852	0.3548	100.0000	1852	404	423	0.3016	33	32.12
scaffold_190	40.6931	1831	0.4888	100.0000	1831	370	374	0.4911	39	9.21
scaffold_191	67.0129	1780	0.1949	100.0000	1780	623	581	0.2319	59	28.59
scaffold_192	152.9209	1771	0.4929	100.0000	1771	1357	1340	0.4950	146	40.90
scaffold_193	28.9766	1751	0.3215	100.0000	1751	255	251	0.3461	28	10.32
scaffold_194	127.2425	1740	0.3845	100.0000	1740	1058	1137	0.4134	80	100.59
scaffold_195	34.2865	1738	0.4281	100.0000	1738	307	291	0.4336	28	19.66
scaffold_196	22.9836	1703	0.2484	100.0000	1703	195	190	0.2762	22	10.40
scaffold_197	74.2349	1643	0.4741	100.0000	1643	616	599	0.4733	76	15.68
scaffold_198	205.2278	1611	0.3718	100.0000	1611	1605	1640	0.3825	181	98.72
scaffold_199	1765.4646	1610	0.5584	100.0000	1610	13896	13933	0.5630	1822	398.02
scaffold_200	82.2657	1581	0.4940	100.0000	1581	659	639	0.4974	82	12.15
scaffold_201	29.0723	1577	0.2771	100.0000	1577	234	221	0.2912	30	7.92
scaffold_202	382.5995	1553	0.4694	100.0000	1553	2943	3009	0.4641	405	62.75
scaffold_203	440.9637	1544	0.4883	100.0000	1544	3384	3425	0.4901	440	56.08
scaffold_204	174.9792	1536	0.4759	100.0000	1536	1363	1303	0.4836	155	65.71
scaffold_205	173.8081	1454	0.5873	100.0000	1454	1264	1266	0.5894	178	27.33
scaffold_206	64.8217	1346	0.3098	100.0000	1346	429	434	0.3083	65	11.03
scaffold_207	90.9485	1341	0.4884	100.0000	1341	643	582	0.4953	97	23.28
scaffold_208	34.9709	1304	0.3873	100.0000	1304	219	234	0.4005	32	15.70
scaffold_209	30.1452	1288	0.2795	100.0000	1288	189	195	0.2744	28	10.28
scaffold_210	28.1427	1282	0.2590	100.0000	1282	184	175	0.2614	27	10.34
scaffold_211	38.5260	1268	0.4661	100.0000	1268	238	247	0.4703	41	10.04
scaffold_212	62.3586	1255	0.3880	100.0000	1255	380	403	0.3965	62	14.98
scaffold_213	14.6227	1251	0.2206	100.0000	1251	80	104	0.2413	13	6.06
scaffold_214	292.3103	1202	0.3885	100.0000	1202	1766	1766	0.3907	302	44.71
scaffold_215	26.9274	1199	0.2994	98.3319	1179	171	150	0.4095	23	23.33
scaffold_216	105.5169	1124	0.4947	100.0000	1124	615	565	0.5058	93	39.65
scaffold_217	60.3509	1117	0.4682	100.0000	1117	325	343	0.4658	50	40.91
scaffold_218	66.8969	1086	0.4862	100.0000	1086	369	359	0.4892	70	15.97
scaffold_219	63.7371	1065	0.3362	100.0000	1065	334	340	0.3279	66	15.16
scaffold_220	46.1602	1055	0.5014	100.0000	1055	247	236	0.5114	49	12.28
scaffold_221	8.5132	1025	0.2029	100.0000	1025	43	44	0.2163	8	4.16
scaffold_222	28.2568	1024	0.2910	100.0000	1024	149	138	0.2914	26	9.30
scaffold_223	75.3513	1019	0.5123	100.0000	1019	378	386	0.5163	80	17.71
scaffold_224	36.3103	1015	0.2177	100.0000	1015	187	180	0.2223	39	11.04
