#ID	Avg_fold	Length	Ref_GC	Covered_percent	Covered_bases	Plus_reads	Minus_reads	Read_GC	Median_fold	Std_Dev
scaffold_1	44.3489	1267114	0.5115	100.0000	1267114	277709	277841	0.5144	44	8.64
scaffold_2	43.0080	1214709	0.5100	100.0000	1214709	258045	258044	0.5129	42	8.73
scaffold_3	44.2062	1129416	0.5122	100.0000	1129416	246620	246611	0.5154	44	8.67
scaffold_4	44.7914	1010958	0.5093	100.0000	1010958	223148	223174	0.5126	44	8.87
scaffold_5	44.8108	995599	0.5136	100.0000	995599	219882	219841	0.5166	44	8.96
scaffold_6	44.4120	926362	0.5130	100.0000	926362	202774	202783	0.5158	44	8.57
scaffold_7	45.3835	899927	0.5101	100.0000	899927	201368	201384	0.5136	45	9.07
scaffold_8	43.9272	865517	0.5080	100.0000	865517	187837	187800	0.5112	43	8.83
scaffold_9	44.3054	847697	0.5092	100.0000	847697	185576	185536	0.5137	44	10.18
scaffold_10	44.2102	787818	0.5104	100.0000	787818	171949	171945	0.5135	43	11.14
scaffold_11	42.9290	739851	0.5111	100.0000	739851	156956	157001	0.5138	43	8.29
scaffold_12	44.2693	712733	0.5093	100.0000	712733	156073	156117	0.5126	43	11.36
scaffold_13	44.2916	654670	0.5096	100.0000	654670	143137	142983	0.5145	44	9.28
scaffold_14	44.7342	632681	0.5129	100.0000	632681	139789	139752	0.5159	44	8.43
scaffold_15	44.8191	598736	0.5118	100.0000	598736	132356	132369	0.5148	44	8.92
scaffold_16	45.3543	582943	0.5093	100.0000	582943	130630	130673	0.5135	45	9.40
scaffold_17	44.6762	575549	0.5098	100.0000	575549	127164	127132	0.5132	44	8.71
scaffold_18	44.9373	561111	0.5113	100.0000	561111	124347	124364	0.5144	44	8.84
scaffold_19	44.4358	553447	0.5095	100.0000	553447	121356	121311	0.5126	44	8.88
scaffold_20	45.0904	538120	0.5114	100.0000	538120	119484	119526	0.5152	45	8.77
scaffold_21	47.6244	515151	0.5070	100.0000	515151	116927	116897	0.5118	45	29.90
scaffold_22	44.6922	437754	0.5131	100.0000	437754	96694	96674	0.5161	44	8.50
scaffold_23	46.2260	436655	0.5089	100.0000	436655	99739	99760	0.5131	46	9.52
scaffold_24	42.5737	432005	0.5014	100.0000	432005	90700	90703	0.5084	42	10.50
scaffold_25	44.9093	425709	0.5097	100.0000	425709	94451	94391	0.5148	45	9.78
scaffold_26	43.9927	424427	0.5080	100.0000	424427	92244	92311	0.5112	44	8.97
scaffold_27	43.8910	423664	0.5120	100.0000	423664	91947	91909	0.5149	43	8.78
scaffold_28	43.9985	401055	0.5144	100.0000	401055	87146	87153	0.5176	43	8.62
scaffold_29	43.5979	395166	0.5076	100.0000	395166	85128	85157	0.5113	43	8.98
scaffold_30	44.3525	390586	0.5103	100.0000	390586	85478	85461	0.5139	44	8.65
scaffold_31	44.4145	376725	0.5077	100.0000	376725	82530	82510	0.5125	44	8.98
scaffold_32	44.8989	368112	0.5105	100.0000	368112	81659	81624	0.5138	44	9.42
scaffold_33	43.7526	335253	0.5074	100.0000	335253	72473	72511	0.5104	43	12.36
scaffold_34	41.7233	328618	0.4954	100.0000	328618	67822	67850	0.5032	42	9.73
scaffold_35	42.8676	301640	0.4950	100.0000	301640	63894	63709	0.5041	42	14.22
scaffold_36	46.3739	272932	0.5069	100.0000	272932	62602	62370	0.5123	44	32.66
scaffold_37	46.0958	267656	0.5125	100.0000	267656	60875	60833	0.5159	46	9.17
scaffold_38	45.8487	264816	0.5133	100.0000	264816	59916	59966	0.5159	46	8.48
scaffold_39	43.8421	248623	0.5120	100.0000	248623	53914	53871	0.5147	43	8.53
scaffold_40	43.7013	238905	0.5096	100.0000	238905	51478	51435	0.5120	43	8.28
scaffold_41	42.1581	230674	0.4943	100.0000	230674	47947	47924	0.5057	43	10.99
scaffold_42	45.9593	214394	0.5110	100.0000	214394	48787	48733	0.5145	46	9.33
scaffold_43	43.0117	213606	0.5104	100.0000	213606	45422	45348	0.5138	43	8.66
scaffold_44	43.5912	207829	0.5099	100.0000	207829	44716	44722	0.5129	43	8.60
scaffold_45	46.6533	206211	0.5135	100.0000	206211	47638	47559	0.5166	45	37.30
scaffold_46	45.5316	204406	0.5127	100.0000	204406	45995	45970	0.5165	45	8.96
scaffold_47	42.7257	199095	0.5005	100.0000	199095	41875	41913	0.5066	42	9.25
scaffold_48	43.4054	189445	0.5101	100.0000	189445	40572	40574	0.5129	43	8.72
scaffold_49	44.9054	186759	0.5088	100.0000	186759	41480	41501	0.5123	45	8.64
scaffold_50	43.5369	182697	0.5102	100.0000	182697	39328	39313	0.5133	43	8.63
scaffold_51	46.3753	181026	0.5148	100.0000	181026	41416	41447	0.5182	46	9.51
scaffold_52	45.1683	171404	0.5087	100.0000	171404	38250	38299	0.5125	44	9.63
scaffold_53	41.8854	171198	0.5121	100.0000	171198	35192	35260	0.5150	42	7.89
scaffold_54	44.0244	168504	0.5065	100.0000	168504	36724	36709	0.5113	44	9.30
scaffold_55	44.3414	160230	0.5097	100.0000	160230	35046	35132	0.5159	44	9.83
scaffold_56	45.1251	160083	0.5095	100.0000	160083	35756	35722	0.5130	45	8.67
scaffold_57	44.8404	148380	0.5125	100.0000	148380	32829	32783	0.5149	45	8.38
scaffold_58	42.5941	145880	0.5095	100.0000	145880	30703	30735	0.5126	42	8.69
scaffold_59	43.5077	144851	0.5071	100.0000	144851	31190	31170	0.5120	43	9.28
scaffold_60	42.0643	138851	0.5076	100.0000	138851	28921	28898	0.5103	42	8.41
scaffold_61	45.1625	136332	0.5098	100.0000	136332	30423	30381	0.5124	45	9.03
scaffold_62	201.5578	128647	0.5125	100.0000	128647	125608	125860	0.5215	47	495.79
scaffold_63	44.1419	113066	0.5106	100.0000	113066	24481	24440	0.5148	44	8.97
scaffold_64	45.9901	98329	0.5039	100.0000	98329	22477	22325	0.5044	45	13.65
scaffold_65	44.2977	95377	0.5124	100.0000	95377	20975	20849	0.5133	43	12.88
scaffold_66	43.2877	91066	0.5011	100.0000	91066	19437	19416	0.5068	43	8.77
scaffold_67	43.6086	87100	0.5099	100.0000	87100	18795	18795	0.5117	44	7.98
scaffold_68	43.4898	86848	0.5088	100.0000	86848	18640	18605	0.5109	43	8.00
scaffold_69	43.2799	79265	0.5115	100.0000	79265	16966	16993	0.5140	43	8.92
scaffold_70	57.9961	76390	0.5157	100.0000	76390	21914	21953	0.5187	45	32.66
scaffold_71	43.2346	76233	0.5030	100.0000	76233	16224	16250	0.5108	43	9.48
scaffold_72	46.5946	75120	0.5145	100.0000	75120	17220	17237	0.5169	46	8.34
scaffold_73	53.4460	73463	0.4966	100.0000	73463	19433	19436	0.5044	46	33.23
scaffold_74	45.6584	70206	0.5142	100.0000	70206	15869	15865	0.5177	45	8.58
scaffold_75	39.1297	62011	0.4576	99.9952	62008	12013	12002	0.4753	39	11.40
scaffold_76	49.9592	61454	0.5069	100.0000	61454	15127	15104	0.5122	47	16.60
scaffold_77	44.1737	57155	0.5077	100.0000	57155	12511	12477	0.5112	44	8.65
scaffold_78	46.0322	55970	0.5056	100.0000	55970	12730	12772	0.5101	45	9.86
scaffold_79	45.0892	55858	0.5079	100.0000	55858	12469	12460	0.5095	44	14.99
scaffold_80	44.6561	54447	0.5103	100.0000	54447	12009	12052	0.5131	44	9.16
scaffold_81	43.2564	54387	0.5035	100.0000	54387	11597	11578	0.5074	43	8.58
scaffold_82	41.6058	47120	0.4886	100.0000	47120	9663	9660	0.5021	42	10.70
scaffold_83	40.9107	45404	0.4938	100.0000	45404	9195	9192	0.5070	41	9.75
scaffold_84	43.1471	43441	0.5148	100.0000	43441	9287	9264	0.5187	43	9.63
scaffold_85	61.1584	38564	0.4444	100.0000	38564	9867	9845	0.4773	45	84.70
scaffold_86	40.0732	38394	0.4921	100.0000	38394	7541	7521	0.4959	40	8.19
scaffold_87	41.4933	35616	0.4938	100.0000	35616	7307	7323	0.5037	40	9.87
scaffold_88	42.9885	34908	0.4922	100.0000	34908	7386	7392	0.5062	43	13.70
scaffold_89	40.3190	33689	0.4866	100.0000	33689	6673	6754	0.4895	38	16.99
scaffold_90	42.4196	31830	0.4888	100.0000	31830	6672	6677	0.4923	39	15.20
scaffold_91	39.4894	31655	0.4968	100.0000	31655	6184	6192	0.5006	39	8.35
scaffold_92	40.0871	31305	0.4939	100.0000	31305	6233	6191	0.4999	40	8.76
scaffold_93	39.3618	30320	0.4830	100.0000	30320	5926	5885	0.5022	41	11.18
scaffold_94	62.3888	24580	0.4710	100.0000	24580	7562	7630	0.4229	44	54.68
scaffold_95	55.4695	20581	0.4995	100.0000	20581	5616	5689	0.5024	47	22.58
scaffold_96	45.7481	20171	0.5077	100.0000	20171	4556	4580	0.5096	46	8.28
scaffold_97	40.8741	20056	0.5156	100.0000	20056	4055	4060	0.5182	41	8.07
scaffold_98	62.6012	18911	0.5070	100.0000	18911	5857	5837	0.5108	52	28.60
scaffold_99	44.4427	18082	0.5121	100.0000	18082	3958	3993	0.5141	44	8.81
scaffold_100	46.7879	18020	0.5157	100.0000	18020	4169	4185	0.5255	46	11.25
scaffold_101	45.5719	17105	0.4946	100.0000	17105	3866	3863	0.4977	46	9.17
scaffold_102	42.3987	14629	0.5151	100.0000	14629	3069	3081	0.5194	42	8.28
scaffold_103	55.9403	13281	0.4822	100.0000	13281	3666	3694	0.4894	49	22.71
scaffold_104	44.9461	13010	0.4981	100.0000	13010	2904	2895	0.5021	44	9.88
scaffold_105	51.8362	12200	0.5041	100.0000	12200	3150	3121	0.5066	51	11.96
scaffold_106	42.2144	12086	0.4915	100.0000	12086	2526	2528	0.4943	42	8.53
scaffold_107	42.3914	11417	0.5025	100.0000	11417	2403	2390	0.5067	43	9.07
scaffold_108	39.0496	11341	0.5059	100.0000	11341	2195	2188	0.5085	39	8.10
scaffold_109	42.2792	11282	0.4760	100.0000	11282	2357	2374	0.4795	42	7.76
scaffold_110	19.4474	11197	0.2959	100.0000	11197	1086	1070	0.3123	18	8.71
scaffold_111	40.9218	11170	0.5141	100.0000	11170	2234	2291	0.5174	41	8.22
scaffold_112	82.4511	10886	0.4871	100.0000	10886	4401	4432	0.4905	83	14.02
scaffold_113	40.8746	10527	0.5018	100.0000	10527	2138	2129	0.5033	39	11.20
scaffold_114	45.4176	10386	0.5186	100.0000	10386	2332	2342	0.5228	45	9.62
scaffold_115	174.2166	10278	0.2429	100.0000	10278	8828	8768	0.2560	176	54.95
scaffold_116	83.8766	8962	0.4923	100.0000	8962	3720	3728	0.4968	82	16.73
scaffold_117	149.6339	8340	0.3878	100.0000	8340	6101	6241	0.4340	51	143.72
scaffold_118	38.2929	8275	0.4903	100.0000	8275	1575	1564	0.4947	38	7.87
scaffold_119	47.2110	7973	0.5302	100.0000	7973	1868	1863	0.5329	47	9.19
scaffold_120	38.7474	7806	0.4477	99.9359	7801	1516	1479	0.4669	38	11.05
scaffold_121	37.2360	6712	0.4675	100.0000	6712	1237	1237	0.4788	37	9.11
scaffold_122	500.8420	6525	0.5473	100.0000	6525	16150	16228	0.5570	499	77.78
scaffold_123	82.7319	6114	0.4926	100.0000	6114	2512	2498	0.4949	82	15.75
scaffold_124	47.5013	6042	0.5010	100.0000	6042	1450	1403	0.5070	43	17.35
scaffold_125	7.3807	6020	0.2264	100.0000	6020	219	221	0.2353	7	3.20
scaffold_126	200.3239	5810	0.2926	100.0000	5810	5683	5851	0.3087	212	54.40
scaffold_127	33.2135	5678	0.3927	100.0000	5678	921	878	0.4297	33	14.67
scaffold_128	196.4431	5613	0.2606	100.0000	5613	5431	5492	0.2854	209	74.17
scaffold_129	79.0706	5609	0.5006	100.0000	5609	2210	2190	0.5018	79	12.28
scaffold_130	58.8663	5424	0.5015	100.0000	5424	1559	1590	0.5120	51	23.70
scaffold_131	35.8389	5414	0.4826	100.0000	5414	963	961	0.4838	36	7.18
scaffold_132	11.7234	5379	0.2160	100.0000	5379	307	320	0.2376	11	6.47
scaffold_133	12.2849	5223	0.2433	100.0000	5223	299	336	0.2520	12	5.30
scaffold_134	93.0637	5146	0.5031	100.0000	5146	2422	2346	0.5011	84	54.84
scaffold_135	38.4974	4574	0.4440	100.0000	4574	870	873	0.4574	36	14.36
scaffold_136	8.9154	4527	0.2366	100.0000	4527	199	200	0.2418	9	3.56
scaffold_137	117.5477	4468	0.3955	100.0000	4468	2396	2420	0.3981	116	39.06
scaffold_138	40.7290	4126	0.4515	100.0000	4126	822	843	0.5030	47	17.18
scaffold_139	15.4266	4020	0.2378	100.0000	4020	295	318	0.2428	15	5.76
scaffold_140	79.3174	4004	0.4810	100.0000	4004	1576	1570	0.4843	80	11.76
scaffold_141	40.8605	3985	0.5039	100.0000	3985	799	818	0.5087	41	7.92
scaffold_142	17.5758	3897	0.2474	100.0000	3897	310	332	0.2525	17	6.09
scaffold_143	28.0706	3755	0.3971	100.0000	3755	525	519	0.3953	28	5.85
scaffold_144	38.3882	3676	0.4935	100.0000	3676	710	688	0.4952	39	8.49
scaffold_145	23.8514	3662	0.3271	100.0000	3662	430	437	0.3342	23	7.13
scaffold_146	41.5878	3639	0.5081	100.0000	3639	744	759	0.5100	42	9.14
scaffold_147	33.6021	3373	0.2416	100.0000	3373	544	592	0.2781	30	18.84
scaffold_148	88.1441	3346	0.4952	100.0000	3346	1444	1480	0.4991	91	14.53
scaffold_149	60.9728	3344	0.3741	100.0000	3344	1014	1008	0.3759	60	16.80
scaffold_150	45.7707	3319	0.4944	100.0000	3319	757	756	0.4980	43	14.34
scaffold_151	17.8598	3252	0.2909	98.0320	3188	284	292	0.2993	18	5.42
scaffold_152	41.0173	3233	0.4810	100.0000	3233	648	667	0.4839	42	8.61
scaffold_153	49.8680	3190	0.5188	100.0000	3190	791	787	0.5225	50	11.31
scaffold_154	16.5551	3185	0.2283	100.0000	3185	270	237	0.2348	17	6.00
scaffold_155	123.6276	3053	0.3662	100.0000	3053	1874	1865	0.4750	27	190.71
scaffold_156	313.1163	2976	0.5118	100.0000	2976	4631	4602	0.5151	321	51.31
scaffold_157	23.9398	2905	0.3170	100.0000	2905	327	363	0.3365	25	8.37
scaffold_158	212.4339	2844	0.5359	100.0000	2844	3013	2975	0.5369	217	33.73
scaffold_159	18.1842	2812	0.2731	100.0000	2812	250	257	0.2776	19	6.17
scaffold_160	76.8569	2740	0.4818	100.0000	2740	1051	1037	0.4885	80	16.96
scaffold_161	8.0548	2645	0.2389	100.0000	2645	107	103	0.2443	8	3.71
scaffold_162	15.0824	2524	0.2361	100.0000	2524	165	213	0.2547	13	9.31
scaffold_163	14.8255	2441	0.2282	100.0000	2441	181	177	0.2438	14	6.16
scaffold_164	36.1043	2425	0.4800	100.0000	2425	431	436	0.4842	36	7.89
scaffold_165	6.9338	2372	0.2159	100.0000	2372	83	80	0.2266	7	3.22
scaffold_166	74.3603	2362	0.4776	100.0000	2362	871	867	0.4864	73	18.83
scaffold_167	48.3567	2358	0.5640	100.0000	2358	581	556	0.5688	49	10.98
scaffold_168	45.1932	2231	0.5164	100.0000	2231	485	513	0.5200	47	9.47
scaffold_169	15.2388	2219	0.2289	100.0000	2219	184	152	0.2354	15	5.10
scaffold_170	88.6198	2212	0.5298	100.0000	2212	956	990	0.5323	90	17.67
scaffold_171	14.4646	2163	0.2423	100.0000	2163	152	159	0.2397	14	3.28
scaffold_172	42.7432	2122	0.5146	100.0000	2122	455	449	0.5112	43	12.29
scaffold_173	336.0949	2108	0.4682	100.0000	2108	3615	3412	0.4773	464	209.86
scaffold_174	61.8417	2078	0.3869	100.0000	2078	650	640	0.3841	61	9.39
scaffold_175	85.5704	2046	0.5523	100.0000	2046	881	855	0.5521	87	15.49
scaffold_176	81.0726	2039	0.4939	100.0000	2039	819	822	0.4953	82	13.76
scaffold_177	45.9686	1945	0.4823	100.0000	1945	440	446	0.4837	47	12.80
scaffold_178	7.7175	1922	0.2435	100.0000	1922	73	74	0.2558	8	3.24
scaffold_179	22.2529	1894	0.2914	100.0000	1894	210	208	0.3019	21	6.90
scaffold_180	438.2962	1867	0.5699	100.0000	1867	4092	4045	0.5668	453	61.37
scaffold_181	369.1179	1840	0.4620	100.0000	1840	3384	3389	0.4638	390	61.34
scaffold_182	46.9847	1831	0.4888	100.0000	1831	421	438	0.4912	45	12.41
scaffold_183	439.0572	1783	0.4936	100.0000	1783	3922	3875	0.4891	453	66.56
scaffold_184	7.2408	1765	0.2346	100.0000	1765	63	63	0.2483	6	3.36
scaffold_185	24.5340	1751	0.3215	100.0000	1751	204	223	0.3351	23	7.98
scaffold_186	9.4287	1740	0.1954	100.0000	1740	84	78	0.2010	9	3.58
scaffold_187	34.8167	1740	0.3586	100.0000	1740	304	302	0.3711	32	12.01
scaffold_188	38.1559	1738	0.4281	100.0000	1738	347	322	0.4345	32	22.82
scaffold_189	423.1324	1729	0.5946	100.0000	1729	3424	3794	0.6194	502	179.03
scaffold_190	56.6629	1700	0.3071	100.0000	1700	464	490	0.3065	56	7.01
scaffold_191	26.1054	1680	0.3387	100.0000	1680	202	233	0.3342	26	8.44
scaffold_192	68.2331	1643	0.4760	100.0000	1643	565	551	0.4757	69	13.49
scaffold_193	285.6364	1617	0.4440	100.0000	1617	2242	2346	0.4477	282	81.88
scaffold_194	39.6618	1582	0.2781	100.0000	1582	252	283	0.2946	43	20.55
scaffold_195	81.7925	1581	0.4940	100.0000	1581	639	654	0.4979	83	12.71
scaffold_196	58.6472	1556	0.4640	100.0000	1556	481	441	0.4700	58	10.87
scaffold_197	434.2286	1553	0.4816	100.0000	1553	3466	3288	0.4844	435	78.93
scaffold_198	418.3478	1544	0.4883	100.0000	1544	3190	3294	0.4897	420	55.03
scaffold_199	14.7592	1520	0.2888	100.0000	1520	120	106	0.3304	12	9.25
scaffold_200	27.4295	1460	0.4014	100.0000	1460	180	219	0.3999	27	5.67
scaffold_201	162.1149	1454	0.5873	100.0000	1454	1155	1204	0.5924	163	29.77
scaffold_202	89.9100	1434	0.4679	100.0000	1434	647	655	0.4780	91	11.23
scaffold_203	159.8175	1381	0.4859	100.0000	1381	1119	1073	0.4968	144	63.84
scaffold_204	117.0570	1368	0.4788	100.0000	1368	774	819	0.4785	92	62.78
scaffold_205	18.5274	1350	0.3407	100.0000	1350	120	128	0.3429	20	6.61
scaffold_206	514.9194	1302	0.4447	100.0000	1302	3290	3115	0.4431	312	404.38
scaffold_207	27.1700	1288	0.2795	100.0000	1288	161	186	0.2748	28	7.00
scaffold_208	30.7405	1268	0.4661	100.0000	1268	194	194	0.4681	30	6.55
scaffold_209	5.7463	1072	0.1660	100.0000	1072	30	31	0.1720	6	2.55
scaffold_210	68.0609	1067	0.4855	100.0000	1067	361	361	0.4876	69	18.38
scaffold_211	54.6386	1046	0.2294	100.0000	1046	249	314	0.2278	56	28.56
scaffold_212	26.3984	1024	0.2910	100.0000	1024	147	122	0.3030	28	10.00
scaffold_213	79.1766	1019	0.5123	100.0000	1019	406	396	0.5140	80	19.46
scaffold_214	28.8996	1016	0.2136	100.0000	1016	140	152	0.2182	30	9.79
